##TITLE= Parameter file, TopSpin 3.5 pl 7
##JCAMPDX= 5.0
##DATATYPE= Parameter Values
##NPOINTS= 9	$$ modification sequence number
##ORIGIN= Bruker BioSpin GmbH
##OWNER= Yang
$$ 2020-09-29 15:06:16.156 -0400  Yang@2ua5461vxm.structbio.pitt.edu
$$ /opt/topspin3.5pl7/data/Yang/nmr/29Sep2020_CA_13C_thr_SOFAST/1/pdata/1/clevels
$$ process /opt/topspin3.5pl7/prog/mod/dataserver
##$LEVELS= (0..255)
-2963127.6 -2469272.8 -2057727.3 -1714772.8 -1428977.3 -1190814.6 -992345.2
-826954.4 -689128.7 -574274.1 -478561.5 -398801.5 -332334.4 -276945.5 -230787.7
-192323.1 -160269.5 -133557.9 -111298 -92748.5 -77290.5 -64408.6 -53673.7
-44728.3 -37273.6 -31061.4 -25884.5 -21570.3 -17975.3 -14979.4 14979.4
17975.3 21570.3 25884.5 31061.4 37273.6 44728.3 53673.7 64408.6 77290.5
92748.5 111298 133557.9 160269.5 192323.1 230787.7 276945.5 332334.4 398801.5
478561.5 574274.1 689128.7 826954.4 992345.2 1190814.6 1428977.3 1714772.8
2057727.3 2469272.8 2963127.6 0 0 0 0 0 0 0 0 0 0 0 0 0 0 0 0 0 0 0 0 0
0 0 0 0 0 0 0 0 0 0 0 0 0 0 0 0 0 0 0 0 0 0 0 0 0 0 0 0 0 0 0 0 0 0 0 0
0 0 0 0 0 0 0 0 0 0 0 0 0 0 0 0 0 0 0 0 0 0 0 0 0 0 0 0 0 0 0 0 0 0 0 0
0 0 0 0 0 0 0 0 0 0 0 0 0 0 0 0 0 0 0 0 0 0 0 0 0 0 0 0 0 0 0 0 0 0 0 0
0 0 0 0 0 0 0 0 0 0 0 0 0 0 0 0 0 0 0 0 0 0 0 0 0 0 0 0 0 0 0 0 0 0 0 0
0 0 0 0 0 0 0 0 0 0 0 0 0 0 0 0 0 0 0 0 0 0 0 0 0 0 0 0 0 0 0
##$LEVSIGN= 1
##$MAXLEV= 30
##$METHOD= 0
##$NEGBASE= -14979.4
##$NEGINCR= 1.2
##$POSBASE= 14979.4
##$POSINCR= 1.2
##END=
