##TITLE= Parameter file, TopSpin 3.5 pl 7
##JCAMPDX= 5.0
##DATATYPE= Parameter Values
##NPOINTS= 9	$$ modification sequence number
##ORIGIN= Bruker BioSpin GmbH
##OWNER= Yang
$$ 2020-09-29 15:23:06.982 -0400  Yang@2ua5461vxm.structbio.pitt.edu
$$ /opt/topspin3.5pl7/data/Yang/nmr/29Sep2020_CA_13C_thr_SOFAST/5/pdata/1/clevels
$$ process /opt/topspin3.5pl7/prog/mod/dataserver
##$LEVELS= (0..255)
-740781.9 -617318.2 -514431.8 -428693.2 -357244.3 -297703.7 -248086.3 -206738.6
-172282.2 -143568.5 -119640.4 -99700.4 -83083.6 -69236.4 -57696.9 -48080.8
-40067.4 -33389.5 -27824.5 -23187.1 -19322.6 -16102.2 -13418.4 -11182.1
-9318.4 -7765.3 -6471.1 -5392.6 -4493.8 -3744.8 3744.8 4493.8 5392.6 6471.1
7765.3 9318.4 11182.1 13418.4 16102.2 19322.6 23187.1 27824.5 33389.5 40067.4
48080.8 57696.9 69236.4 83083.6 99700.4 119640.4 143568.5 172282.2 206738.6
248086.3 297703.7 357244.3 428693.2 514431.8 617318.2 740781.9 0 0 0 0
0 0 0 0 0 0 0 0 0 0 0 0 0 0 0 0 0 0 0 0 0 0 0 0 0 0 0 0 0 0 0 0 0 0 0 0
0 0 0 0 0 0 0 0 0 0 0 0 0 0 0 0 0 0 0 0 0 0 0 0 0 0 0 0 0 0 0 0 0 0 0 0
0 0 0 0 0 0 0 0 0 0 0 0 0 0 0 0 0 0 0 0 0 0 0 0 0 0 0 0 0 0 0 0 0 0 0 0
0 0 0 0 0 0 0 0 0 0 0 0 0 0 0 0 0 0 0 0 0 0 0 0 0 0 0 0 0 0 0 0 0 0 0 0
0 0 0 0 0 0 0 0 0 0 0 0 0 0 0 0 0 0 0 0 0 0 0 0 0 0 0 0 0 0 0 0 0 0 0 0
0 0 0 0 0 0 0 0 0 0 0 0
##$LEVSIGN= 1
##$MAXLEV= 30
##$METHOD= 0
##$NEGBASE= -3744.8
##$NEGINCR= 1.2
##$POSBASE= 3744.8
##$POSINCR= 1.2
##END=
