##TITLE= Parameter file, TopSpin 3.5 pl 7
##JCAMPDX= 5.0
##DATATYPE= Parameter Values
##NPOINTS= 1	$$ modification sequence number
##ORIGIN= Bruker BioSpin GmbH
##OWNER= Yang
$$ 2020-09-29 13:53:41.726 -0400  Yang@2ua5461vxm.structbio.pitt.edu
$$ /opt/topspin3.5pl7/data/Yang/nmr/29Sep2020_CA_13C_thr_SOFAST/2/pdata/1/clevels
$$ process /opt/topspin3.5pl7/prog/mod/edparproc
##$LEVELS= (0..255)
-880943.1 -734119.2 -611766 -509805 -424837.5 -354031.3 -295026 -245855
-204879.2 -170732.7 -142277.2 -118564.4 -98803.6 -82336.4 -68613.6 -57178
-47648.4 -39707 -33089.1 -27574.3 -22978.6 -19148.8 -15957.3 -13297.8 -11081.5
-9234.6 -7695.5 -6412.9 -5344.1 -4453.4 4453.4 5344.1 6412.9 7695.5 9234.6
11081.5 13297.8 15957.3 19148.8 22978.6 27574.3 33089.1 39707 47648.4 57178
68613.6 82336.4 98803.6 118564.4 142277.2 170732.7 204879.2 245855 295026
354031.3 424837.5 509805 611766 734119.2 880943.1 0 0 0 0 0 0 0 0 0 0 0
0 0 0 0 0 0 0 0 0 0 0 0 0 0 0 0 0 0 0 0 0 0 0 0 0 0 0 0 0 0 0 0 0 0 0 0
0 0 0 0 0 0 0 0 0 0 0 0 0 0 0 0 0 0 0 0 0 0 0 0 0 0 0 0 0 0 0 0 0 0 0 0
0 0 0 0 0 0 0 0 0 0 0 0 0 0 0 0 0 0 0 0 0 0 0 0 0 0 0 0 0 0 0 0 0 0 0 0
0 0 0 0 0 0 0 0 0 0 0 0 0 0 0 0 0 0 0 0 0 0 0 0 0 0 0 0 0 0 0 0 0 0 0 0
0 0 0 0 0 0 0 0 0 0 0 0 0 0 0 0 0 0 0 0 0 0 0 0 0 0 0 0 0 0 0 0 0 0 0 0
0 0 0 0 0
##$LEVSIGN= 3
##$MAXLEV= 30
##$METHOD= 0
##$NEGBASE= -4453.4
##$NEGINCR= 1.2
##$POSBASE= 4453.4
##$POSINCR= 1.2
##END=
