##TITLE= Parameter file, TopSpin 3.5 pl 7
##JCAMPDX= 5.0
##DATATYPE= Parameter Values
##NPOINTS= 1	$$ modification sequence number
##ORIGIN= Bruker BioSpin GmbH
##OWNER= Yang
$$ 2020-09-29 15:36:53.521 -0400  Yang@2ua5461vxm.structbio.pitt.edu
$$ /opt/topspin3.5pl7/data/Yang/nmr/29Sep2020_CA_13C_thr_SOFAST/11/pdata/1/clevels
$$ process /opt/topspin3.5pl7/prog/mod/edparproc
##$LEVELS= (0..255)
-1245841.7 -1038201.3 -865167.8 -720973.1 -600811 -500675.9 -417229.8 -347691.5
-289742.9 -241452.5 -201210.3 -167675.4 -139729.4 -116441.3 -97034.3 -80861.9
-67385 -56154.2 -46795.1 -38995.9 -32496.6 -27080.5 -22567 -18805.9 -15671.6
-13059.7 -10883.1 -9069.2 -7557.7 -6298.1 6298.1 7557.7 9069.2 10883.1
13059.7 15671.6 18805.9 22567 27080.5 32496.6 38995.9 46795.1 56154.2 67385
80861.9 97034.3 116441.3 139729.4 167675.4 201210.3 241452.5 289742.9 347691.5
417229.8 500675.9 600811 720973.1 865167.8 1038201.3 1245841.7 0 0 0 0
0 0 0 0 0 0 0 0 0 0 0 0 0 0 0 0 0 0 0 0 0 0 0 0 0 0 0 0 0 0 0 0 0 0 0 0
0 0 0 0 0 0 0 0 0 0 0 0 0 0 0 0 0 0 0 0 0 0 0 0 0 0 0 0 0 0 0 0 0 0 0 0
0 0 0 0 0 0 0 0 0 0 0 0 0 0 0 0 0 0 0 0 0 0 0 0 0 0 0 0 0 0 0 0 0 0 0 0
0 0 0 0 0 0 0 0 0 0 0 0 0 0 0 0 0 0 0 0 0 0 0 0 0 0 0 0 0 0 0 0 0 0 0 0
0 0 0 0 0 0 0 0 0 0 0 0 0 0 0 0 0 0 0 0 0 0 0 0 0 0 0 0 0 0 0 0 0 0 0 0
0 0 0 0 0 0 0 0 0 0 0 0
##$LEVSIGN= 1
##$MAXLEV= 30
##$METHOD= 0
##$NEGBASE= -6298.1
##$NEGINCR= 1.2
##$POSBASE= 6298.1
##$POSINCR= 1.2
##END=
