!                   H      N
      2      I   8.94 121.41
      3      V   8.96 123.24
      4      Q   8.43 122.45
      5      N   8.96      -
      5      N      - 124.92
      6      I   8.20 117.59
      7      Q   7.56 118.91
      8      G   8.21 108.10
      9      Q   7.98 120.44
     10      M   8.54 120.92
     11      V   9.12 120.22
     12      H   8.78 121.75
     13      Q   7.99 125.83
     14      A   8.37 125.49
     15      I   8.33 121.71
     16      S   8.52 123.56
     18      R   8.01 116.19
     19      T   7.73 119.74
     20      L   8.08 121.15
     21      N   8.62 115.98
     22      A   7.80 122.14
     23      W   7.99 120.35
     24      V   8.32 118.38
     25      K   7.76 117.88
     26      V   7.65 119.54
     27      V   7.32 120.16
     28      E   8.25 119.80
     29      E   8.11 116.02
     30      K   8.41 115.61
     31      A   7.88 123.48
     32      F   7.28 112.87
     33      S   7.19 114.46
     35      E   8.57 115.69
     36      V   8.27 116.80
     37      I   7.51 119.24
     39      M   7.11 116.23
     40      F   8.84 120.80
     41      S   8.44 114.68
     42      A   7.80 122.21
     43      L   7.88 116.59
     44      S   7.16 109.39
     45      E   7.13 125.39
     46      G   9.36 115.64
     47      A   7.49 119.90
     48      T   8.79 109.13
     50      Q   8.46 116.07
     51      D   7.98 120.45
     52      L   8.11 120.02
     53      N   8.67 117.87
     54      T   8.50 119.97
     55      M   7.98 120.01
     56      L   8.65 121.08
     57      N   8.49 116.18
     58      T   7.56 111.41
     59      V   7.40 120.19
     60      G   8.34 113.55
     61      G   8.33 108.87
     62      H   8.44 118.94
     63      Q   8.46 119.40
     64      A   8.77 121.75
     65      A   8.09 122.05
     66      M   8.45 115.63
     67      Q   8.26 120.52
     68      M   7.65 119.62
     69      L   8.39 122.99
     70      K   8.38 119.14
     71      E   8.26 118.69
     72      T   7.90 117.79
     73      I   8.36 121.96
     74      N   8.28 116.56
     75      E   8.01 121.89
     76      E   8.16 120.86
     77      A   8.33 124.10
     78      A   7.56 119.32
     79      E   7.78 121.13
     80      W   8.41 121.15
     81      D   8.18 119.75
     82      R   7.84 120.31
     83      V   7.48 112.53
     84      H   7.76 118.76
     86      V   8.29 120.89
     87      H   8.94 125.34
     88      A   8.54 127.62
     89      G   8.07 109.09
     91      I   8.39 122.07
     92      A   8.40 130.64
     94      G   8.72 112.15
     95      Q   7.84 119.71
     96      M   8.59 121.30
     97      R   8.77 122.97
     98      E   8.77 122.81
    100      R   9.83 121.99
    101      G  11.68 116.91
    102      S   9.33 114.82
    103      D   7.39 122.95
    104      I   7.43 125.89
    105      A   7.00 112.11
    106      G   6.97 102.25
    107      T   8.25 113.21
    108      T   7.15 106.33
    109      S   7.14 112.26
    110      T   8.89 112.79
    111      L   8.84 122.64
    112      Q   8.16 115.69
    113      E   7.69 120.82
    114      Q   7.99 117.64
    115      I   8.61 117.91
    116      G   8.15 111.14
    117      W   8.34 121.48
    118      M   8.49 116.15
    119      T   7.86 104.90
    120      N   7.14 122.73
    121      N   8.06 116.95
    124      I   8.31 122.26
    126      V   9.04 116.03
    127      G   7.75 106.18
    128      E   7.60 121.28
    129      I   8.11 121.45
    130      Y   7.26 116.94
    131      K   8.00 116.42
    132      R   7.53 118.06
    133      W   7.91 122.12
    134      I   8.50 118.92
    135      I   8.82 121.20
    136      L   8.23 122.77
    137      G   8.18 108.08
    138      L   9.44 122.76
    139      N   8.77 117.61
    140      K   7.56 119.42
    141      I   7.91 120.38
    142      V   8.55 118.84
    143      R   7.58 117.84
    144      M   7.80 117.86
    145      Y   7.93 118.23
    146      S   7.87 118.17
    148      T   8.05 111.12
    149      S   8.11 118.22
    150      I   8.11 122.70
    151      L   7.61 119.02
    152      D   7.56 113.92
    153      I   7.41 122.15
    154      R   8.28 125.16
    155      Q   7.76 127.15
    156      G   9.87 116.78
    158      K   8.57 115.09
    159      E   7.04 125.82
    161      F   9.52 128.26
    162      R   9.06 115.71
    163      D   6.97 118.88
    164      Y   7.57 124.42
    165      V   8.30 120.20
    166      D   7.57 118.12
    167      R   7.91 119.27
    168      F   9.09 124.24
    169      Y   9.08 117.81
    170      K   8.20 120.73
    171      T   7.63 117.37
    173      R   7.78 116.30
    175      E   7.45 120.58
    176      Q   8.77 123.69
    177      A   7.60 124.43
    178      S   8.69 116.31
    179      Q   9.00 121.39
    180      E   8.67 118.28
    181      V   7.35 120.67
    182      K   8.65 120.78
    183      N   8.63 119.35
    184      W   7.71 122.94
    185      M   9.09 120.26
    186      T   8.13 112.12
    187      E   7.72 118.75
    188      T   7.79 111.71
    189      L   7.51 120.92
    190      L   6.94 120.79
    192      Q   7.48 116.55
    193      N   7.86 114.91
    194      A   7.31 124.82
    195      N   9.08 119.33
    197      D   7.72 115.49
    198      C   8.58 116.60
    199      K   9.48 121.78
    200      T   7.59 113.09
    201      I   6.78 122.55
    202      L   8.50 119.02
    203      K   8.44 118.62
    204      A   7.16 120.15
    205      L   7.46 118.17
    206      G   7.43 104.52
    208      A   8.40 121.58
    209      A   7.17 122.99
    210      T   8.56 113.24
    211      L   8.89 122.69
    212      E   8.55 117.62
    213      E   7.77 120.55
    214      M   8.55 120.30
    215      M   8.77 117.01
    216      T   8.37 117.02
    217      A   7.98 122.89
    218      C   7.41 111.09
    219      Q   7.51 122.54
    220      G   8.71 110.07
    221      V   7.35 120.63
    222      G   8.73 115.87
    223      G   8.01 108.36
    225      G   8.55 109.14
    226      H   8.16 119.78
    227      K   8.25 123.53
    228      A   8.28 125.50
    229      R   8.31 121.05
    230      V   8.23 123.08
    231      L   7.90 131.80
