##TITLE= Parameter file, TopSpin 3.5 pl 7
##JCAMPDX= 5.0
##DATATYPE= Parameter Values
##NPOINTS= 1	$$ modification sequence number
##ORIGIN= Bruker BioSpin GmbH
##OWNER= Yang
$$ 2020-10-23 14:48:51.019 -0400  Yang@2ua5461vxm.structbio.pitt.edu
$$ /opt/topspin3.5pl7/data/Yang/nmr/05Oct2020_CA_13C_ala_296uM_sfhmqc/2/pdata/1/clevels
$$ process /opt/topspin3.5pl7/prog/mod/edparproc
##$LEVELS= (0..255)
-4190503 -3492085.8 -2910071.5 -2425059.6 -2020883 -1684069.2 -1403391
-1169492.5 -974577.1 -812147.6 -676789.6 -563991.4 -469992.8 -391660.7
-326383.9 -271986.6 -226655.5 -188879.6 -157399.6 -131166.4 -109305.3 -91087.8
-75906.5 -63255.4 -52712.8 -43927.3 -36606.1 -30505.1 -25420.9 -21184.1
4756.8 5708.2 6849.8 8219.8 9863.7 11836.4 14203.7 17044.5 20453.4 24544
29452.9 35343.4 42412.1 50894.5 61073.4 73288.1 87945.7 105534.9 126641.9
151970.2 182364.3 218837.2 262604.6 315125.5 378150.6 453780.7 544536.9
653444.2 784133.1 940959.7 0 0 0 0 0 0 0 0 0 0 0 0 0 0 0 0 0 0 0 0 0 0
0 0 0 0 0 0 0 0 0 0 0 0 0 0 0 0 0 0 0 0 0 0 0 0 0 0 0 0 0 0 0 0 0 0 0 0
0 0 0 0 0 0 0 0 0 0 0 0 0 0 0 0 0 0 0 0 0 0 0 0 0 0 0 0 0 0 0 0 0 0 0 0
0 0 0 0 0 0 0 0 0 0 0 0 0 0 0 0 0 0 0 0 0 0 0 0 0 0 0 0 0 0 0 0 0 0 0 0
0 0 0 0 0 0 0 0 0 0 0 0 0 0 0 0 0 0 0 0 0 0 0 0 0 0 0 0 0 0 0 0 0 0 0 0
0 0 0 0 0 0 0 0 0 0 0 0 0 0 0 0 0 0 0 0 0 0 0 0 0 0 0 0 0 0
##$LEVSIGN= 3
##$MAXLEV= 30
##$METHOD= 0
##$NEGBASE= -21184.1
##$NEGINCR= 1.2
##$POSBASE= 4756.8
##$POSINCR= 1.2
##END=
