7.474292069673538208e-02	1.304595106718322087e-02
2.342992126941680908e-01	2.227696364700521708e-02
3.756389617919921875e-01	4.490633033749757974e-02
4.150403439998626709e-01	3.543417825286405975e-02
4.408375024795532227e-01	4.773708799335081576e-02
4.425624012947082520e-01	4.006878884947771835e-02
4.392259418964385986e-01	5.231256594544866911e-02
4.361551702022552490e-01	5.681442742185779937e-02
4.391582906246185303e-01	4.623184945920591482e-02
4.413508474826812744e-01	4.511403861112883718e-02
