##TITLE= Parameter file, TopSpin 3.5 pl 7
##JCAMPDX= 5.0
##DATATYPE= Parameter Values
##NPOINTS= 9	$$ modification sequence number
##ORIGIN= Bruker BioSpin GmbH
##OWNER= Yang
$$ 2020-10-23 16:04:36.481 -0400  Yang@2ua5461vxm.structbio.pitt.edu
$$ /opt/topspin3.5pl7/data/Yang/nmr/05Oct2020_CA_13C_ala_162uM_sfhmqc/2/pdata/1/clevels
$$ process /opt/topspin3.5pl7/prog/mod/dataserver
##$LEVELS= (0..255)
-2963133.1 -2469277.5 -2057731.3 -1714776.1 -1428980.1 -1190816.8 -992347.3
-826956.1 -689130.1 -574275.1 -478562.5 -398802.1 -332335.1 -276945.9 -230788.3
-192323.6 -160269.6 -133558 -111298.3 -92748.7 -77290.5 -64408.8 -53674
-44728.3 -37273.6 -31061.3 -25884.4 -21570.4 -17975.3 -14979.4 3363.6 4036.3
4843.5 5812.3 6974.7 8369.6 10043.5 12052.3 14462.7 17355.2 20826.3 24991.6
29989.9 35987.8 43185.4 51822.5 62187 74624.4 89549.3 107459.2 128951 154741.3
185689.5 222827.4 267392.9 320871.4 385045.7 462054.8 554465.8 665359 0
0 0 0 0 0 0 0 0 0 0 0 0 0 0 0 0 0 0 0 0 0 0 0 0 0 0 0 0 0 0 0 0 0 0 0 0
0 0 0 0 0 0 0 0 0 0 0 0 0 0 0 0 0 0 0 0 0 0 0 0 0 0 0 0 0 0 0 0 0 0 0 0
0 0 0 0 0 0 0 0 0 0 0 0 0 0 0 0 0 0 0 0 0 0 0 0 0 0 0 0 0 0 0 0 0 0 0 0
0 0 0 0 0 0 0 0 0 0 0 0 0 0 0 0 0 0 0 0 0 0 0 0 0 0 0 0 0 0 0 0 0 0 0 0
0 0 0 0 0 0 0 0 0 0 0 0 0 0 0 0 0 0 0 0 0 0 0 0 0 0 0 0 0 0 0 0 0 0 0 0
0 0 0 0 0 0 0 0 0 0 0 0 0 0 0
##$LEVSIGN= 1
##$MAXLEV= 30
##$METHOD= 0
##$NEGBASE= -14979.4
##$NEGINCR= 1.2
##$POSBASE= 3363.6
##$POSINCR= 1.2
##END=
