##TITLE= Parameter file, TopSpin 3.5 pl 7
##JCAMPDX= 5.0
##DATATYPE= Parameter Values
##NPOINTS= 1001	$$ modification sequence number
##ORIGIN= Bruker BioSpin GmbH
##OWNER= hincklab
$$ 2020-07-03 18:55:55.838 -0400  hincklab@2ua5461vxm.structbio.pitt.edu
$$ /opt/topspin3.5pl7/exp/stan/nmr/lists/wave/Crp60,0.5,20.1
$$ process /opt/topspin3.5pl7/prog/mod/go4
##MINX= 0.00000000
##MAXX= 100.00000000
##MINY= 0.00135000
##MAXY= 358.05370000
##$SHAPE_ADDPHASE= 0
##$SHAPE_AMP= 100
##$SHAPE_BWFAC= 21.432
##$SHAPE_BWFAC50= 0
##$SHAPE_CALCBW= yes
##$SHAPE_CALCINTEG= yes
##$SHAPE_EXMODE= <Adiabatic>
##$SHAPE_EXPAND= <>
##$SHAPE_EXPANDCF= (0..143)
0 0 0 0 0 0 0 0 0 0 0 0 0 0 0 0 0 0 0 0 0 0 0 0 0 0 0 0 0 0 0 0 0 0 0 0
0 0 0 0 0 0 0 0 0 0 0 0 0 0 0 0 0 0 0 0 0 0 0 0 0 0 0 0 0 0 0 0 0 0 0 0
0 0 0 0 0 0 0 0 0 0 0 0 0 0 0 0 0 0 0 0 0 0 0 0 0 0 0 0 0 0 0 0 0 0 0 0
0 0 0 0 0 0 0 0 0 0 0 0 0 0 0 0 0 0 0 0 0 0 0 0 0 0 0 0 0 0 0 0 0 0 0 0
##$SHAPE_EXPFAC= 0
##$SHAPE_FRACEND= 0
##$SHAPE_FRACORG= 0
##$SHAPE_FRACSTART= 0
##$SHAPE_INTEGFAC= 0.10233267
##$SHAPE_KEEPRES= yes
##$SHAPE_LENGTH= 500
##$SHAPE_MAN= <>
##$SHAPE_MODE= 0
##$SHAPE_MODFREQ= 0
##$SHAPE_MODPHASE= 0
##$SHAPE_MODSCALE= 0
##$SHAPE_MODSW= 0
##$SHAPE_MODSWDIR= -1
##$SHAPE_NPOINTS= 1000
##$SHAPE_OFFS= <>
##$SHAPE_OFFSCOEFF= (0..95)
0 0 0 0 0 0 0 0 0 0 0 0 0 0 0 0 0 0 0 0 0 0 0 0 0 0 0 0 0 0 0 0 0 0 0 0
0 0 0 0 0 0 0 0 0 0 0 0 0 0 0 0 0 0 0 0 0 0 0 0 0 0 0 0 0 0 0 0 0 0 0 0
0 0 0 0 0 0 0 0 0 0 0 0 0 0 0 0 0 0 0 0 0 0 0 0
##$SHAPE_PARAMETER= <Type: SmoothedChirp ; Total Sweep-Width [Hz] 60000.0 ; Length of Pulse [usec] 500.0 ; % to be smoothed 20.0 ; 1=High to low field, -1=Low to high field -1.0 ; smoothing 0.0>
##$SHAPE_REPHFAC= 0
##$SHAPE_RES= 0
##$SHAPE_SCALEFAC= 1
##$SHAPE_SCALETYPE= 0
##$SHAPE_SPOAL= 0
##$SHAPE_SPOFFS= 0
##$SHAPE_SPOPH= 0
##$SHAPE_TOTROT= 180
##$SHAPE_TYPE= <Inversion>
##$SHAPE_USER_DEF= 0
##$SHAPE_VERSION= 2.1
##$SHL_ADDPHASE= (0..15)
0 0 0 0 0 0 0 0 0 0 0 0 0 0 0 0
##$SHL_ALIGNOFFSET= (0..15)
0 0 0 0 0 0 0 0 0 0 0 0 0 0 0 0
##$SHL_AMP= (0..15)
100 0 0 0 0 0 0 0 0 0 0 0 0 0 0 0
##$SHL_AMPFAC= (0..15)
0 0 0 0 0 0 0 0 0 0 0 0 0 0 0 0
##$SHL_BETA= (0..15)
0 0 0 0 0 0 0 0 0 0 0 0 0 0 0 0
##$SHL_BWFAC= (0..15)
21.432 0 0 0 0 0 0 0 0 0 0 0 0 0 0 0
##$SHL_CALCBW= (0..15)
yes yes yes yes yes yes yes yes yes yes yes yes yes yes yes yes
##$SHL_CALCINTEG= (0..15)
yes yes yes yes yes yes yes yes yes yes yes yes yes yes yes yes
##$SHL_CENTERAMP= (0..15)
0 0 0 0 0 0 0 0 0 0 0 0 0 0 0 0
##$SHL_CYCNUM= (0..15)
0 0 0 0 0 0 0 0 0 0 0 0 0 0 0 0
##$SHL_DIPOLCPL= (0..15)
0 0 0 0 0 0 0 0 0 0 0 0 0 0 0 0
##$SHL_ENDAMP= (0..15)
0 0 0 0 0 0 0 0 0 0 0 0 0 0 0 0
##$SHL_EXMODE= (0..15)
<Adiabatic> <> <> <> <> <> <> <> <> <> <> <> <> <> <> <>
##$SHL_EXPAND= (0..15)
<> <> <> <> <> <> <> <> <> <> <> <> <> <> <> <>
##$SHL_EXPANDCF0= (0..143)
0 0 0 0 0 0 0 0 0 0 0 0 0 0 0 0 0 0 0 0 0 0 0 0 0 0 0 0 0 0 0 0 0 0 0 0
0 0 0 0 0 0 0 0 0 0 0 0 0 0 0 0 0 0 0 0 0 0 0 0 0 0 0 0 0 0 0 0 0 0 0 0
0 0 0 0 0 0 0 0 0 0 0 0 0 0 0 0 0 0 0 0 0 0 0 0 0 0 0 0 0 0 0 0 0 0 0 0
0 0 0 0 0 0 0 0 0 0 0 0 0 0 0 0 0 0 0 0 0 0 0 0 0 0 0 0 0 0 0 0 0 0 0 0
##$SHL_EXPANDCF1= (0..143)
0 0 0 0 0 0 0 0 0 0 0 0 0 0 0 0 0 0 0 0 0 0 0 0 0 0 0 0 0 0 0 0 0 0 0 0
0 0 0 0 0 0 0 0 0 0 0 0 0 0 0 0 0 0 0 0 0 0 0 0 0 0 0 0 0 0 0 0 0 0 0 0
0 0 0 0 0 0 0 0 0 0 0 0 0 0 0 0 0 0 0 0 0 0 0 0 0 0 0 0 0 0 0 0 0 0 0 0
0 0 0 0 0 0 0 0 0 0 0 0 0 0 0 0 0 0 0 0 0 0 0 0 0 0 0 0 0 0 0 0 0 0 0 0
##$SHL_EXPANDCF10= (0..143)
0 0 0 0 0 0 0 0 0 0 0 0 0 0 0 0 0 0 0 0 0 0 0 0 0 0 0 0 0 0 0 0 0 0 0 0
0 0 0 0 0 0 0 0 0 0 0 0 0 0 0 0 0 0 0 0 0 0 0 0 0 0 0 0 0 0 0 0 0 0 0 0
0 0 0 0 0 0 0 0 0 0 0 0 0 0 0 0 0 0 0 0 0 0 0 0 0 0 0 0 0 0 0 0 0 0 0 0
0 0 0 0 0 0 0 0 0 0 0 0 0 0 0 0 0 0 0 0 0 0 0 0 0 0 0 0 0 0 0 0 0 0 0 0
##$SHL_EXPANDCF11= (0..143)
0 0 0 0 0 0 0 0 0 0 0 0 0 0 0 0 0 0 0 0 0 0 0 0 0 0 0 0 0 0 0 0 0 0 0 0
0 0 0 0 0 0 0 0 0 0 0 0 0 0 0 0 0 0 0 0 0 0 0 0 0 0 0 0 0 0 0 0 0 0 0 0
0 0 0 0 0 0 0 0 0 0 0 0 0 0 0 0 0 0 0 0 0 0 0 0 0 0 0 0 0 0 0 0 0 0 0 0
0 0 0 0 0 0 0 0 0 0 0 0 0 0 0 0 0 0 0 0 0 0 0 0 0 0 0 0 0 0 0 0 0 0 0 0
##$SHL_EXPANDCF12= (0..143)
0 0 0 0 0 0 0 0 0 0 0 0 0 0 0 0 0 0 0 0 0 0 0 0 0 0 0 0 0 0 0 0 0 0 0 0
0 0 0 0 0 0 0 0 0 0 0 0 0 0 0 0 0 0 0 0 0 0 0 0 0 0 0 0 0 0 0 0 0 0 0 0
0 0 0 0 0 0 0 0 0 0 0 0 0 0 0 0 0 0 0 0 0 0 0 0 0 0 0 0 0 0 0 0 0 0 0 0
0 0 0 0 0 0 0 0 0 0 0 0 0 0 0 0 0 0 0 0 0 0 0 0 0 0 0 0 0 0 0 0 0 0 0 0
##$SHL_EXPANDCF13= (0..143)
0 0 0 0 0 0 0 0 0 0 0 0 0 0 0 0 0 0 0 0 0 0 0 0 0 0 0 0 0 0 0 0 0 0 0 0
0 0 0 0 0 0 0 0 0 0 0 0 0 0 0 0 0 0 0 0 0 0 0 0 0 0 0 0 0 0 0 0 0 0 0 0
0 0 0 0 0 0 0 0 0 0 0 0 0 0 0 0 0 0 0 0 0 0 0 0 0 0 0 0 0 0 0 0 0 0 0 0
0 0 0 0 0 0 0 0 0 0 0 0 0 0 0 0 0 0 0 0 0 0 0 0 0 0 0 0 0 0 0 0 0 0 0 0
##$SHL_EXPANDCF14= (0..143)
0 0 0 0 0 0 0 0 0 0 0 0 0 0 0 0 0 0 0 0 0 0 0 0 0 0 0 0 0 0 0 0 0 0 0 0
0 0 0 0 0 0 0 0 0 0 0 0 0 0 0 0 0 0 0 0 0 0 0 0 0 0 0 0 0 0 0 0 0 0 0 0
0 0 0 0 0 0 0 0 0 0 0 0 0 0 0 0 0 0 0 0 0 0 0 0 0 0 0 0 0 0 0 0 0 0 0 0
0 0 0 0 0 0 0 0 0 0 0 0 0 0 0 0 0 0 0 0 0 0 0 0 0 0 0 0 0 0 0 0 0 0 0 0
##$SHL_EXPANDCF15= (0..143)
0 0 0 0 0 0 0 0 0 0 0 0 0 0 0 0 0 0 0 0 0 0 0 0 0 0 0 0 0 0 0 0 0 0 0 0
0 0 0 0 0 0 0 0 0 0 0 0 0 0 0 0 0 0 0 0 0 0 0 0 0 0 0 0 0 0 0 0 0 0 0 0
0 0 0 0 0 0 0 0 0 0 0 0 0 0 0 0 0 0 0 0 0 0 0 0 0 0 0 0 0 0 0 0 0 0 0 0
0 0 0 0 0 0 0 0 0 0 0 0 0 0 0 0 0 0 0 0 0 0 0 0 0 0 0 0 0 0 0 0 0 0 0 0
##$SHL_EXPANDCF2= (0..143)
0 0 0 0 0 0 0 0 0 0 0 0 0 0 0 0 0 0 0 0 0 0 0 0 0 0 0 0 0 0 0 0 0 0 0 0
0 0 0 0 0 0 0 0 0 0 0 0 0 0 0 0 0 0 0 0 0 0 0 0 0 0 0 0 0 0 0 0 0 0 0 0
0 0 0 0 0 0 0 0 0 0 0 0 0 0 0 0 0 0 0 0 0 0 0 0 0 0 0 0 0 0 0 0 0 0 0 0
0 0 0 0 0 0 0 0 0 0 0 0 0 0 0 0 0 0 0 0 0 0 0 0 0 0 0 0 0 0 0 0 0 0 0 0
##$SHL_EXPANDCF3= (0..143)
0 0 0 0 0 0 0 0 0 0 0 0 0 0 0 0 0 0 0 0 0 0 0 0 0 0 0 0 0 0 0 0 0 0 0 0
0 0 0 0 0 0 0 0 0 0 0 0 0 0 0 0 0 0 0 0 0 0 0 0 0 0 0 0 0 0 0 0 0 0 0 0
0 0 0 0 0 0 0 0 0 0 0 0 0 0 0 0 0 0 0 0 0 0 0 0 0 0 0 0 0 0 0 0 0 0 0 0
0 0 0 0 0 0 0 0 0 0 0 0 0 0 0 0 0 0 0 0 0 0 0 0 0 0 0 0 0 0 0 0 0 0 0 0
##$SHL_EXPANDCF4= (0..143)
0 0 0 0 0 0 0 0 0 0 0 0 0 0 0 0 0 0 0 0 0 0 0 0 0 0 0 0 0 0 0 0 0 0 0 0
0 0 0 0 0 0 0 0 0 0 0 0 0 0 0 0 0 0 0 0 0 0 0 0 0 0 0 0 0 0 0 0 0 0 0 0
0 0 0 0 0 0 0 0 0 0 0 0 0 0 0 0 0 0 0 0 0 0 0 0 0 0 0 0 0 0 0 0 0 0 0 0
0 0 0 0 0 0 0 0 0 0 0 0 0 0 0 0 0 0 0 0 0 0 0 0 0 0 0 0 0 0 0 0 0 0 0 0
##$SHL_EXPANDCF5= (0..143)
0 0 0 0 0 0 0 0 0 0 0 0 0 0 0 0 0 0 0 0 0 0 0 0 0 0 0 0 0 0 0 0 0 0 0 0
0 0 0 0 0 0 0 0 0 0 0 0 0 0 0 0 0 0 0 0 0 0 0 0 0 0 0 0 0 0 0 0 0 0 0 0
0 0 0 0 0 0 0 0 0 0 0 0 0 0 0 0 0 0 0 0 0 0 0 0 0 0 0 0 0 0 0 0 0 0 0 0
0 0 0 0 0 0 0 0 0 0 0 0 0 0 0 0 0 0 0 0 0 0 0 0 0 0 0 0 0 0 0 0 0 0 0 0
##$SHL_EXPANDCF6= (0..143)
0 0 0 0 0 0 0 0 0 0 0 0 0 0 0 0 0 0 0 0 0 0 0 0 0 0 0 0 0 0 0 0 0 0 0 0
0 0 0 0 0 0 0 0 0 0 0 0 0 0 0 0 0 0 0 0 0 0 0 0 0 0 0 0 0 0 0 0 0 0 0 0
0 0 0 0 0 0 0 0 0 0 0 0 0 0 0 0 0 0 0 0 0 0 0 0 0 0 0 0 0 0 0 0 0 0 0 0
0 0 0 0 0 0 0 0 0 0 0 0 0 0 0 0 0 0 0 0 0 0 0 0 0 0 0 0 0 0 0 0 0 0 0 0
##$SHL_EXPANDCF7= (0..143)
0 0 0 0 0 0 0 0 0 0 0 0 0 0 0 0 0 0 0 0 0 0 0 0 0 0 0 0 0 0 0 0 0 0 0 0
0 0 0 0 0 0 0 0 0 0 0 0 0 0 0 0 0 0 0 0 0 0 0 0 0 0 0 0 0 0 0 0 0 0 0 0
0 0 0 0 0 0 0 0 0 0 0 0 0 0 0 0 0 0 0 0 0 0 0 0 0 0 0 0 0 0 0 0 0 0 0 0
0 0 0 0 0 0 0 0 0 0 0 0 0 0 0 0 0 0 0 0 0 0 0 0 0 0 0 0 0 0 0 0 0 0 0 0
##$SHL_EXPANDCF8= (0..143)
0 0 0 0 0 0 0 0 0 0 0 0 0 0 0 0 0 0 0 0 0 0 0 0 0 0 0 0 0 0 0 0 0 0 0 0
0 0 0 0 0 0 0 0 0 0 0 0 0 0 0 0 0 0 0 0 0 0 0 0 0 0 0 0 0 0 0 0 0 0 0 0
0 0 0 0 0 0 0 0 0 0 0 0 0 0 0 0 0 0 0 0 0 0 0 0 0 0 0 0 0 0 0 0 0 0 0 0
0 0 0 0 0 0 0 0 0 0 0 0 0 0 0 0 0 0 0 0 0 0 0 0 0 0 0 0 0 0 0 0 0 0 0 0
##$SHL_EXPANDCF9= (0..143)
0 0 0 0 0 0 0 0 0 0 0 0 0 0 0 0 0 0 0 0 0 0 0 0 0 0 0 0 0 0 0 0 0 0 0 0
0 0 0 0 0 0 0 0 0 0 0 0 0 0 0 0 0 0 0 0 0 0 0 0 0 0 0 0 0 0 0 0 0 0 0 0
0 0 0 0 0 0 0 0 0 0 0 0 0 0 0 0 0 0 0 0 0 0 0 0 0 0 0 0 0 0 0 0 0 0 0 0
0 0 0 0 0 0 0 0 0 0 0 0 0 0 0 0 0 0 0 0 0 0 0 0 0 0 0 0 0 0 0 0 0 0 0 0
##$SHL_EXPFAC= (0..15)
0 0 0 0 0 0 0 0 0 0 0 0 0 0 0 0
##$SHL_FRACEND= (0..15)
0 0 0 0 0 0 0 0 0 0 0 0 0 0 0 0
##$SHL_FRACORG= (0..15)
0 0 0 0 0 0 0 0 0 0 0 0 0 0 0 0
##$SHL_FRACSTART= (0..15)
0 0 0 0 0 0 0 0 0 0 0 0 0 0 0 0
##$SHL_FULLHALF= (0..15)
0 0 0 0 0 0 0 0 0 0 0 0 0 0 0 0
##$SHL_FUNCAMP= (0..15)
0 0 0 0 0 0 0 0 0 0 0 0 0 0 0 0
##$SHL_FUNCTION= (0..15)
<User> <> <> <> <> <> <> <> <> <> <> <> <> <> <> <>
##$SHL_GCO= (0..15)
<> <> <> <> <> <> <> <> <> <> <> <> <> <> <> <>
##$SHL_GCOCOEFFS0= (0..59)
0 0 0 0 0 0 0 0 0 0 0 0 0 0 0 0 0 0 0 0 0 0 0 0 0 0 0 0 0 0 0 0 0 0 0 0
0 0 0 0 0 0 0 0 0 0 0 0 0 0 0 0 0 0 0 0 0 0 0 0
##$SHL_GCOCOEFFS1= (0..59)
0 0 0 0 0 0 0 0 0 0 0 0 0 0 0 0 0 0 0 0 0 0 0 0 0 0 0 0 0 0 0 0 0 0 0 0
0 0 0 0 0 0 0 0 0 0 0 0 0 0 0 0 0 0 0 0 0 0 0 0
##$SHL_GCOCOEFFS10= (0..59)
0 0 0 0 0 0 0 0 0 0 0 0 0 0 0 0 0 0 0 0 0 0 0 0 0 0 0 0 0 0 0 0 0 0 0 0
0 0 0 0 0 0 0 0 0 0 0 0 0 0 0 0 0 0 0 0 0 0 0 0
##$SHL_GCOCOEFFS11= (0..59)
0 0 0 0 0 0 0 0 0 0 0 0 0 0 0 0 0 0 0 0 0 0 0 0 0 0 0 0 0 0 0 0 0 0 0 0
0 0 0 0 0 0 0 0 0 0 0 0 0 0 0 0 0 0 0 0 0 0 0 0
##$SHL_GCOCOEFFS12= (0..59)
0 0 0 0 0 0 0 0 0 0 0 0 0 0 0 0 0 0 0 0 0 0 0 0 0 0 0 0 0 0 0 0 0 0 0 0
0 0 0 0 0 0 0 0 0 0 0 0 0 0 0 0 0 0 0 0 0 0 0 0
##$SHL_GCOCOEFFS13= (0..59)
0 0 0 0 0 0 0 0 0 0 0 0 0 0 0 0 0 0 0 0 0 0 0 0 0 0 0 0 0 0 0 0 0 0 0 0
0 0 0 0 0 0 0 0 0 0 0 0 0 0 0 0 0 0 0 0 0 0 0 0
##$SHL_GCOCOEFFS14= (0..59)
0 0 0 0 0 0 0 0 0 0 0 0 0 0 0 0 0 0 0 0 0 0 0 0 0 0 0 0 0 0 0 0 0 0 0 0
0 0 0 0 0 0 0 0 0 0 0 0 0 0 0 0 0 0 0 0 0 0 0 0
##$SHL_GCOCOEFFS15= (0..59)
0 0 0 0 0 0 0 0 0 0 0 0 0 0 0 0 0 0 0 0 0 0 0 0 0 0 0 0 0 0 0 0 0 0 0 0
0 0 0 0 0 0 0 0 0 0 0 0 0 0 0 0 0 0 0 0 0 0 0 0
##$SHL_GCOCOEFFS2= (0..59)
0 0 0 0 0 0 0 0 0 0 0 0 0 0 0 0 0 0 0 0 0 0 0 0 0 0 0 0 0 0 0 0 0 0 0 0
0 0 0 0 0 0 0 0 0 0 0 0 0 0 0 0 0 0 0 0 0 0 0 0
##$SHL_GCOCOEFFS3= (0..59)
0 0 0 0 0 0 0 0 0 0 0 0 0 0 0 0 0 0 0 0 0 0 0 0 0 0 0 0 0 0 0 0 0 0 0 0
0 0 0 0 0 0 0 0 0 0 0 0 0 0 0 0 0 0 0 0 0 0 0 0
##$SHL_GCOCOEFFS4= (0..59)
0 0 0 0 0 0 0 0 0 0 0 0 0 0 0 0 0 0 0 0 0 0 0 0 0 0 0 0 0 0 0 0 0 0 0 0
0 0 0 0 0 0 0 0 0 0 0 0 0 0 0 0 0 0 0 0 0 0 0 0
##$SHL_GCOCOEFFS5= (0..59)
0 0 0 0 0 0 0 0 0 0 0 0 0 0 0 0 0 0 0 0 0 0 0 0 0 0 0 0 0 0 0 0 0 0 0 0
0 0 0 0 0 0 0 0 0 0 0 0 0 0 0 0 0 0 0 0 0 0 0 0
##$SHL_GCOCOEFFS6= (0..59)
0 0 0 0 0 0 0 0 0 0 0 0 0 0 0 0 0 0 0 0 0 0 0 0 0 0 0 0 0 0 0 0 0 0 0 0
0 0 0 0 0 0 0 0 0 0 0 0 0 0 0 0 0 0 0 0 0 0 0 0
##$SHL_GCOCOEFFS7= (0..59)
0 0 0 0 0 0 0 0 0 0 0 0 0 0 0 0 0 0 0 0 0 0 0 0 0 0 0 0 0 0 0 0 0 0 0 0
0 0 0 0 0 0 0 0 0 0 0 0 0 0 0 0 0 0 0 0 0 0 0 0
##$SHL_GCOCOEFFS8= (0..59)
0 0 0 0 0 0 0 0 0 0 0 0 0 0 0 0 0 0 0 0 0 0 0 0 0 0 0 0 0 0 0 0 0 0 0 0
0 0 0 0 0 0 0 0 0 0 0 0 0 0 0 0 0 0 0 0 0 0 0 0
##$SHL_GCOCOEFFS9= (0..59)
0 0 0 0 0 0 0 0 0 0 0 0 0 0 0 0 0 0 0 0 0 0 0 0 0 0 0 0 0 0 0 0 0 0 0 0
0 0 0 0 0 0 0 0 0 0 0 0 0 0 0 0 0 0 0 0 0 0 0 0
##$SHL_INTEGFAC= (0..15)
0.10233267 0 0 0 0 0 0 0 0 0 0 0 0 0 0 0
##$SHL_LB= (0..15)
0 0 0 0 0 0 0 0 0 0 0 0 0 0 0 0
##$SHL_LEFTLIMIT= (0..15)
0 0 0 0 0 0 0 0 0 0 0 0 0 0 0 0
##$SHL_LENGTH= (0..15)
500 0 0 0 0 0 0 0 0 0 0 0 0 0 0 0
##$SHL_MAN= (0..15)
<> <> <> <> <> <> <> <> <> <> <> <> <> <> <> <>
##$SHL_MEANAMP= (0..15)
0 0 0 0 0 0 0 0 0 0 0 0 0 0 0 0
##$SHL_MODAMP= (0..15)
0 0 0 0 0 0 0 0 0 0 0 0 0 0 0 0
##$SHL_MODE= (0..15)
0 0 0 0 0 0 0 0 0 0 0 0 0 0 0 0
##$SHL_MODFREQ= (0..15)
0 0 0 0 0 0 0 0 0 0 0 0 0 0 0 0
##$SHL_MODPHASE= (0..15)
0 0 0 0 0 0 0 0 0 0 0 0 0 0 0 0
##$SHL_MODSCALE= (0..15)
0 0 0 0 0 0 0 0 0 0 0 0 0 0 0 0
##$SHL_MODSW= (0..15)
0 0 0 0 0 0 0 0 0 0 0 0 0 0 0 0
##$SHL_MODSWDIR= (0..15)
-1 -1 -1 -1 -1 -1 -1 -1 -1 -1 -1 -1 -1 -1 -1 -1
##$SHL_MU= (0..15)
0 0 0 0 0 0 0 0 0 0 0 0 0 0 0 0
##$SHL_NPOINTS= (0..15)
1000 0 0 0 0 0 0 0 0 0 0 0 0 0 0 0
##$SHL_OFFS= (0..15)
<> <> <> <> <> <> <> <> <> <> <> <> <> <> <> <>
##$SHL_OFFSCOEFF0= (0..95)
0 0 0 0 0 0 0 0 0 0 0 0 0 0 0 0 0 0 0 0 0 0 0 0 0 0 0 0 0 0 0 0 0 0 0 0
0 0 0 0 0 0 0 0 0 0 0 0 0 0 0 0 0 0 0 0 0 0 0 0 0 0 0 0 0 0 0 0 0 0 0 0
0 0 0 0 0 0 0 0 0 0 0 0 0 0 0 0 0 0 0 0 0 0 0 0
##$SHL_OFFSCOEFF1= (0..95)
0 0 0 0 0 0 0 0 0 0 0 0 0 0 0 0 0 0 0 0 0 0 0 0 0 0 0 0 0 0 0 0 0 0 0 0
0 0 0 0 0 0 0 0 0 0 0 0 0 0 0 0 0 0 0 0 0 0 0 0 0 0 0 0 0 0 0 0 0 0 0 0
0 0 0 0 0 0 0 0 0 0 0 0 0 0 0 0 0 0 0 0 0 0 0 0
##$SHL_OFFSCOEFF10= (0..95)
0 0 0 0 0 0 0 0 0 0 0 0 0 0 0 0 0 0 0 0 0 0 0 0 0 0 0 0 0 0 0 0 0 0 0 0
0 0 0 0 0 0 0 0 0 0 0 0 0 0 0 0 0 0 0 0 0 0 0 0 0 0 0 0 0 0 0 0 0 0 0 0
0 0 0 0 0 0 0 0 0 0 0 0 0 0 0 0 0 0 0 0 0 0 0 0
##$SHL_OFFSCOEFF11= (0..95)
0 0 0 0 0 0 0 0 0 0 0 0 0 0 0 0 0 0 0 0 0 0 0 0 0 0 0 0 0 0 0 0 0 0 0 0
0 0 0 0 0 0 0 0 0 0 0 0 0 0 0 0 0 0 0 0 0 0 0 0 0 0 0 0 0 0 0 0 0 0 0 0
0 0 0 0 0 0 0 0 0 0 0 0 0 0 0 0 0 0 0 0 0 0 0 0
##$SHL_OFFSCOEFF12= (0..95)
0 0 0 0 0 0 0 0 0 0 0 0 0 0 0 0 0 0 0 0 0 0 0 0 0 0 0 0 0 0 0 0 0 0 0 0
0 0 0 0 0 0 0 0 0 0 0 0 0 0 0 0 0 0 0 0 0 0 0 0 0 0 0 0 0 0 0 0 0 0 0 0
0 0 0 0 0 0 0 0 0 0 0 0 0 0 0 0 0 0 0 0 0 0 0 0
##$SHL_OFFSCOEFF13= (0..95)
0 0 0 0 0 0 0 0 0 0 0 0 0 0 0 0 0 0 0 0 0 0 0 0 0 0 0 0 0 0 0 0 0 0 0 0
0 0 0 0 0 0 0 0 0 0 0 0 0 0 0 0 0 0 0 0 0 0 0 0 0 0 0 0 0 0 0 0 0 0 0 0
0 0 0 0 0 0 0 0 0 0 0 0 0 0 0 0 0 0 0 0 0 0 0 0
##$SHL_OFFSCOEFF14= (0..95)
0 0 0 0 0 0 0 0 0 0 0 0 0 0 0 0 0 0 0 0 0 0 0 0 0 0 0 0 0 0 0 0 0 0 0 0
0 0 0 0 0 0 0 0 0 0 0 0 0 0 0 0 0 0 0 0 0 0 0 0 0 0 0 0 0 0 0 0 0 0 0 0
0 0 0 0 0 0 0 0 0 0 0 0 0 0 0 0 0 0 0 0 0 0 0 0
##$SHL_OFFSCOEFF15= (0..95)
0 0 0 0 0 0 0 0 0 0 0 0 0 0 0 0 0 0 0 0 0 0 0 0 0 0 0 0 0 0 0 0 0 0 0 0
0 0 0 0 0 0 0 0 0 0 0 0 0 0 0 0 0 0 0 0 0 0 0 0 0 0 0 0 0 0 0 0 0 0 0 0
0 0 0 0 0 0 0 0 0 0 0 0 0 0 0 0 0 0 0 0 0 0 0 0
##$SHL_OFFSCOEFF2= (0..95)
0 0 0 0 0 0 0 0 0 0 0 0 0 0 0 0 0 0 0 0 0 0 0 0 0 0 0 0 0 0 0 0 0 0 0 0
0 0 0 0 0 0 0 0 0 0 0 0 0 0 0 0 0 0 0 0 0 0 0 0 0 0 0 0 0 0 0 0 0 0 0 0
0 0 0 0 0 0 0 0 0 0 0 0 0 0 0 0 0 0 0 0 0 0 0 0
##$SHL_OFFSCOEFF3= (0..95)
0 0 0 0 0 0 0 0 0 0 0 0 0 0 0 0 0 0 0 0 0 0 0 0 0 0 0 0 0 0 0 0 0 0 0 0
0 0 0 0 0 0 0 0 0 0 0 0 0 0 0 0 0 0 0 0 0 0 0 0 0 0 0 0 0 0 0 0 0 0 0 0
0 0 0 0 0 0 0 0 0 0 0 0 0 0 0 0 0 0 0 0 0 0 0 0
##$SHL_OFFSCOEFF4= (0..95)
0 0 0 0 0 0 0 0 0 0 0 0 0 0 0 0 0 0 0 0 0 0 0 0 0 0 0 0 0 0 0 0 0 0 0 0
0 0 0 0 0 0 0 0 0 0 0 0 0 0 0 0 0 0 0 0 0 0 0 0 0 0 0 0 0 0 0 0 0 0 0 0
0 0 0 0 0 0 0 0 0 0 0 0 0 0 0 0 0 0 0 0 0 0 0 0
##$SHL_OFFSCOEFF5= (0..95)
0 0 0 0 0 0 0 0 0 0 0 0 0 0 0 0 0 0 0 0 0 0 0 0 0 0 0 0 0 0 0 0 0 0 0 0
0 0 0 0 0 0 0 0 0 0 0 0 0 0 0 0 0 0 0 0 0 0 0 0 0 0 0 0 0 0 0 0 0 0 0 0
0 0 0 0 0 0 0 0 0 0 0 0 0 0 0 0 0 0 0 0 0 0 0 0
##$SHL_OFFSCOEFF6= (0..95)
0 0 0 0 0 0 0 0 0 0 0 0 0 0 0 0 0 0 0 0 0 0 0 0 0 0 0 0 0 0 0 0 0 0 0 0
0 0 0 0 0 0 0 0 0 0 0 0 0 0 0 0 0 0 0 0 0 0 0 0 0 0 0 0 0 0 0 0 0 0 0 0
0 0 0 0 0 0 0 0 0 0 0 0 0 0 0 0 0 0 0 0 0 0 0 0
##$SHL_OFFSCOEFF7= (0..95)
0 0 0 0 0 0 0 0 0 0 0 0 0 0 0 0 0 0 0 0 0 0 0 0 0 0 0 0 0 0 0 0 0 0 0 0
0 0 0 0 0 0 0 0 0 0 0 0 0 0 0 0 0 0 0 0 0 0 0 0 0 0 0 0 0 0 0 0 0 0 0 0
0 0 0 0 0 0 0 0 0 0 0 0 0 0 0 0 0 0 0 0 0 0 0 0
##$SHL_OFFSCOEFF8= (0..95)
0 0 0 0 0 0 0 0 0 0 0 0 0 0 0 0 0 0 0 0 0 0 0 0 0 0 0 0 0 0 0 0 0 0 0 0
0 0 0 0 0 0 0 0 0 0 0 0 0 0 0 0 0 0 0 0 0 0 0 0 0 0 0 0 0 0 0 0 0 0 0 0
0 0 0 0 0 0 0 0 0 0 0 0 0 0 0 0 0 0 0 0 0 0 0 0
##$SHL_OFFSCOEFF9= (0..95)
0 0 0 0 0 0 0 0 0 0 0 0 0 0 0 0 0 0 0 0 0 0 0 0 0 0 0 0 0 0 0 0 0 0 0 0
0 0 0 0 0 0 0 0 0 0 0 0 0 0 0 0 0 0 0 0 0 0 0 0 0 0 0 0 0 0 0 0 0 0 0 0
0 0 0 0 0 0 0 0 0 0 0 0 0 0 0 0 0 0 0 0 0 0 0 0
##$SHL_PHASE= (0..15)
0 0 0 0 0 0 0 0 0 0 0 0 0 0 0 0
##$SHL_PHASEFAC= (0..15)
0 0 0 0 0 0 0 0 0 0 0 0 0 0 0 0
##$SHL_POWERINDEX= (0..15)
0 0 0 0 0 0 0 0 0 0 0 0 0 0 0 0
##$SHL_QUADCOEFF= (0..15)
0 0 0 0 0 0 0 0 0 0 0 0 0 0 0 0
##$SHL_RIGHTLIMIT= (0..15)
0 0 0 0 0 0 0 0 0 0 0 0 0 0 0 0
##$SHL_SCALEFACTOR= (0..15)
1 1 1 1 1 1 1 1 1 1 1 1 1 1 1 1
##$SHL_SF= (0..15)
<> <> <> <> <> <> <> <> <> <> <> <> <> <> <> <>
##$SHL_SFCOEFFS0= (0..200)
0 0 0 0 0 0 0 0 0 0 0 0 0 0 0 0 0 0 0 0 0 0 0 0 0 0 0 0 0 0 0 0 0 0 0 0
0 0 0 0 0 0 0 0 0 0 0 0 0 0 0 0 0 0 0 0 0 0 0 0 0 0 0 0 0 0 0 0 0 0 0 0
0 0 0 0 0 0 0 0 0 0 0 0 0 0 0 0 0 0 0 0 0 0 0 0 0 0 0 0 0 0 0 0 0 0 0 0
0 0 0 0 0 0 0 0 0 0 0 0 0 0 0 0 0 0 0 0 0 0 0 0 0 0 0 0 0 0 0 0 0 0 0 0
0 0 0 0 0 0 0 0 0 0 0 0 0 0 0 0 0 0 0 0 0 0 0 0 0 0 0 0 0 0 0 0 0 0 0 0
0 0 0 0 0 0 0 0 0 0 0 0 0 0 0 0 0 0 0 0 0
##$SHL_SFCOEFFS1= (0..200)
0 0 0 0 0 0 0 0 0 0 0 0 0 0 0 0 0 0 0 0 0 0 0 0 0 0 0 0 0 0 0 0 0 0 0 0
0 0 0 0 0 0 0 0 0 0 0 0 0 0 0 0 0 0 0 0 0 0 0 0 0 0 0 0 0 0 0 0 0 0 0 0
0 0 0 0 0 0 0 0 0 0 0 0 0 0 0 0 0 0 0 0 0 0 0 0 0 0 0 0 0 0 0 0 0 0 0 0
0 0 0 0 0 0 0 0 0 0 0 0 0 0 0 0 0 0 0 0 0 0 0 0 0 0 0 0 0 0 0 0 0 0 0 0
0 0 0 0 0 0 0 0 0 0 0 0 0 0 0 0 0 0 0 0 0 0 0 0 0 0 0 0 0 0 0 0 0 0 0 0
0 0 0 0 0 0 0 0 0 0 0 0 0 0 0 0 0 0 0 0 0
##$SHL_SFCOEFFS10= (0..200)
0 0 0 0 0 0 0 0 0 0 0 0 0 0 0 0 0 0 0 0 0 0 0 0 0 0 0 0 0 0 0 0 0 0 0 0
0 0 0 0 0 0 0 0 0 0 0 0 0 0 0 0 0 0 0 0 0 0 0 0 0 0 0 0 0 0 0 0 0 0 0 0
0 0 0 0 0 0 0 0 0 0 0 0 0 0 0 0 0 0 0 0 0 0 0 0 0 0 0 0 0 0 0 0 0 0 0 0
0 0 0 0 0 0 0 0 0 0 0 0 0 0 0 0 0 0 0 0 0 0 0 0 0 0 0 0 0 0 0 0 0 0 0 0
0 0 0 0 0 0 0 0 0 0 0 0 0 0 0 0 0 0 0 0 0 0 0 0 0 0 0 0 0 0 0 0 0 0 0 0
0 0 0 0 0 0 0 0 0 0 0 0 0 0 0 0 0 0 0 0 0
##$SHL_SFCOEFFS11= (0..200)
0 0 0 0 0 0 0 0 0 0 0 0 0 0 0 0 0 0 0 0 0 0 0 0 0 0 0 0 0 0 0 0 0 0 0 0
0 0 0 0 0 0 0 0 0 0 0 0 0 0 0 0 0 0 0 0 0 0 0 0 0 0 0 0 0 0 0 0 0 0 0 0
0 0 0 0 0 0 0 0 0 0 0 0 0 0 0 0 0 0 0 0 0 0 0 0 0 0 0 0 0 0 0 0 0 0 0 0
0 0 0 0 0 0 0 0 0 0 0 0 0 0 0 0 0 0 0 0 0 0 0 0 0 0 0 0 0 0 0 0 0 0 0 0
0 0 0 0 0 0 0 0 0 0 0 0 0 0 0 0 0 0 0 0 0 0 0 0 0 0 0 0 0 0 0 0 0 0 0 0
0 0 0 0 0 0 0 0 0 0 0 0 0 0 0 0 0 0 0 0 0
##$SHL_SFCOEFFS12= (0..200)
0 0 0 0 0 0 0 0 0 0 0 0 0 0 0 0 0 0 0 0 0 0 0 0 0 0 0 0 0 0 0 0 0 0 0 0
0 0 0 0 0 0 0 0 0 0 0 0 0 0 0 0 0 0 0 0 0 0 0 0 0 0 0 0 0 0 0 0 0 0 0 0
0 0 0 0 0 0 0 0 0 0 0 0 0 0 0 0 0 0 0 0 0 0 0 0 0 0 0 0 0 0 0 0 0 0 0 0
0 0 0 0 0 0 0 0 0 0 0 0 0 0 0 0 0 0 0 0 0 0 0 0 0 0 0 0 0 0 0 0 0 0 0 0
0 0 0 0 0 0 0 0 0 0 0 0 0 0 0 0 0 0 0 0 0 0 0 0 0 0 0 0 0 0 0 0 0 0 0 0
0 0 0 0 0 0 0 0 0 0 0 0 0 0 0 0 0 0 0 0 0
##$SHL_SFCOEFFS13= (0..200)
0 0 0 0 0 0 0 0 0 0 0 0 0 0 0 0 0 0 0 0 0 0 0 0 0 0 0 0 0 0 0 0 0 0 0 0
0 0 0 0 0 0 0 0 0 0 0 0 0 0 0 0 0 0 0 0 0 0 0 0 0 0 0 0 0 0 0 0 0 0 0 0
0 0 0 0 0 0 0 0 0 0 0 0 0 0 0 0 0 0 0 0 0 0 0 0 0 0 0 0 0 0 0 0 0 0 0 0
0 0 0 0 0 0 0 0 0 0 0 0 0 0 0 0 0 0 0 0 0 0 0 0 0 0 0 0 0 0 0 0 0 0 0 0
0 0 0 0 0 0 0 0 0 0 0 0 0 0 0 0 0 0 0 0 0 0 0 0 0 0 0 0 0 0 0 0 0 0 0 0
0 0 0 0 0 0 0 0 0 0 0 0 0 0 0 0 0 0 0 0 0
##$SHL_SFCOEFFS14= (0..200)
0 0 0 0 0 0 0 0 0 0 0 0 0 0 0 0 0 0 0 0 0 0 0 0 0 0 0 0 0 0 0 0 0 0 0 0
0 0 0 0 0 0 0 0 0 0 0 0 0 0 0 0 0 0 0 0 0 0 0 0 0 0 0 0 0 0 0 0 0 0 0 0
0 0 0 0 0 0 0 0 0 0 0 0 0 0 0 0 0 0 0 0 0 0 0 0 0 0 0 0 0 0 0 0 0 0 0 0
0 0 0 0 0 0 0 0 0 0 0 0 0 0 0 0 0 0 0 0 0 0 0 0 0 0 0 0 0 0 0 0 0 0 0 0
0 0 0 0 0 0 0 0 0 0 0 0 0 0 0 0 0 0 0 0 0 0 0 0 0 0 0 0 0 0 0 0 0 0 0 0
0 0 0 0 0 0 0 0 0 0 0 0 0 0 0 0 0 0 0 0 0
##$SHL_SFCOEFFS15= (0..200)
0 0 0 0 0 0 0 0 0 0 0 0 0 0 0 0 0 0 0 0 0 0 0 0 0 0 0 0 0 0 0 0 0 0 0 0
0 0 0 0 0 0 0 0 0 0 0 0 0 0 0 0 0 0 0 0 0 0 0 0 0 0 0 0 0 0 0 0 0 0 0 0
0 0 0 0 0 0 0 0 0 0 0 0 0 0 0 0 0 0 0 0 0 0 0 0 0 0 0 0 0 0 0 0 0 0 0 0
0 0 0 0 0 0 0 0 0 0 0 0 0 0 0 0 0 0 0 0 0 0 0 0 0 0 0 0 0 0 0 0 0 0 0 0
0 0 0 0 0 0 0 0 0 0 0 0 0 0 0 0 0 0 0 0 0 0 0 0 0 0 0 0 0 0 0 0 0 0 0 0
0 0 0 0 0 0 0 0 0 0 0 0 0 0 0 0 0 0 0 0 0
##$SHL_SFCOEFFS2= (0..200)
0 0 0 0 0 0 0 0 0 0 0 0 0 0 0 0 0 0 0 0 0 0 0 0 0 0 0 0 0 0 0 0 0 0 0 0
0 0 0 0 0 0 0 0 0 0 0 0 0 0 0 0 0 0 0 0 0 0 0 0 0 0 0 0 0 0 0 0 0 0 0 0
0 0 0 0 0 0 0 0 0 0 0 0 0 0 0 0 0 0 0 0 0 0 0 0 0 0 0 0 0 0 0 0 0 0 0 0
0 0 0 0 0 0 0 0 0 0 0 0 0 0 0 0 0 0 0 0 0 0 0 0 0 0 0 0 0 0 0 0 0 0 0 0
0 0 0 0 0 0 0 0 0 0 0 0 0 0 0 0 0 0 0 0 0 0 0 0 0 0 0 0 0 0 0 0 0 0 0 0
0 0 0 0 0 0 0 0 0 0 0 0 0 0 0 0 0 0 0 0 0
##$SHL_SFCOEFFS3= (0..200)
0 0 0 0 0 0 0 0 0 0 0 0 0 0 0 0 0 0 0 0 0 0 0 0 0 0 0 0 0 0 0 0 0 0 0 0
0 0 0 0 0 0 0 0 0 0 0 0 0 0 0 0 0 0 0 0 0 0 0 0 0 0 0 0 0 0 0 0 0 0 0 0
0 0 0 0 0 0 0 0 0 0 0 0 0 0 0 0 0 0 0 0 0 0 0 0 0 0 0 0 0 0 0 0 0 0 0 0
0 0 0 0 0 0 0 0 0 0 0 0 0 0 0 0 0 0 0 0 0 0 0 0 0 0 0 0 0 0 0 0 0 0 0 0
0 0 0 0 0 0 0 0 0 0 0 0 0 0 0 0 0 0 0 0 0 0 0 0 0 0 0 0 0 0 0 0 0 0 0 0
0 0 0 0 0 0 0 0 0 0 0 0 0 0 0 0 0 0 0 0 0
##$SHL_SFCOEFFS4= (0..200)
0 0 0 0 0 0 0 0 0 0 0 0 0 0 0 0 0 0 0 0 0 0 0 0 0 0 0 0 0 0 0 0 0 0 0 0
0 0 0 0 0 0 0 0 0 0 0 0 0 0 0 0 0 0 0 0 0 0 0 0 0 0 0 0 0 0 0 0 0 0 0 0
0 0 0 0 0 0 0 0 0 0 0 0 0 0 0 0 0 0 0 0 0 0 0 0 0 0 0 0 0 0 0 0 0 0 0 0
0 0 0 0 0 0 0 0 0 0 0 0 0 0 0 0 0 0 0 0 0 0 0 0 0 0 0 0 0 0 0 0 0 0 0 0
0 0 0 0 0 0 0 0 0 0 0 0 0 0 0 0 0 0 0 0 0 0 0 0 0 0 0 0 0 0 0 0 0 0 0 0
0 0 0 0 0 0 0 0 0 0 0 0 0 0 0 0 0 0 0 0 0
##$SHL_SFCOEFFS5= (0..200)
0 0 0 0 0 0 0 0 0 0 0 0 0 0 0 0 0 0 0 0 0 0 0 0 0 0 0 0 0 0 0 0 0 0 0 0
0 0 0 0 0 0 0 0 0 0 0 0 0 0 0 0 0 0 0 0 0 0 0 0 0 0 0 0 0 0 0 0 0 0 0 0
0 0 0 0 0 0 0 0 0 0 0 0 0 0 0 0 0 0 0 0 0 0 0 0 0 0 0 0 0 0 0 0 0 0 0 0
0 0 0 0 0 0 0 0 0 0 0 0 0 0 0 0 0 0 0 0 0 0 0 0 0 0 0 0 0 0 0 0 0 0 0 0
0 0 0 0 0 0 0 0 0 0 0 0 0 0 0 0 0 0 0 0 0 0 0 0 0 0 0 0 0 0 0 0 0 0 0 0
0 0 0 0 0 0 0 0 0 0 0 0 0 0 0 0 0 0 0 0 0
##$SHL_SFCOEFFS6= (0..200)
0 0 0 0 0 0 0 0 0 0 0 0 0 0 0 0 0 0 0 0 0 0 0 0 0 0 0 0 0 0 0 0 0 0 0 0
0 0 0 0 0 0 0 0 0 0 0 0 0 0 0 0 0 0 0 0 0 0 0 0 0 0 0 0 0 0 0 0 0 0 0 0
0 0 0 0 0 0 0 0 0 0 0 0 0 0 0 0 0 0 0 0 0 0 0 0 0 0 0 0 0 0 0 0 0 0 0 0
0 0 0 0 0 0 0 0 0 0 0 0 0 0 0 0 0 0 0 0 0 0 0 0 0 0 0 0 0 0 0 0 0 0 0 0
0 0 0 0 0 0 0 0 0 0 0 0 0 0 0 0 0 0 0 0 0 0 0 0 0 0 0 0 0 0 0 0 0 0 0 0
0 0 0 0 0 0 0 0 0 0 0 0 0 0 0 0 0 0 0 0 0
##$SHL_SFCOEFFS7= (0..200)
0 0 0 0 0 0 0 0 0 0 0 0 0 0 0 0 0 0 0 0 0 0 0 0 0 0 0 0 0 0 0 0 0 0 0 0
0 0 0 0 0 0 0 0 0 0 0 0 0 0 0 0 0 0 0 0 0 0 0 0 0 0 0 0 0 0 0 0 0 0 0 0
0 0 0 0 0 0 0 0 0 0 0 0 0 0 0 0 0 0 0 0 0 0 0 0 0 0 0 0 0 0 0 0 0 0 0 0
0 0 0 0 0 0 0 0 0 0 0 0 0 0 0 0 0 0 0 0 0 0 0 0 0 0 0 0 0 0 0 0 0 0 0 0
0 0 0 0 0 0 0 0 0 0 0 0 0 0 0 0 0 0 0 0 0 0 0 0 0 0 0 0 0 0 0 0 0 0 0 0
0 0 0 0 0 0 0 0 0 0 0 0 0 0 0 0 0 0 0 0 0
##$SHL_SFCOEFFS8= (0..200)
0 0 0 0 0 0 0 0 0 0 0 0 0 0 0 0 0 0 0 0 0 0 0 0 0 0 0 0 0 0 0 0 0 0 0 0
0 0 0 0 0 0 0 0 0 0 0 0 0 0 0 0 0 0 0 0 0 0 0 0 0 0 0 0 0 0 0 0 0 0 0 0
0 0 0 0 0 0 0 0 0 0 0 0 0 0 0 0 0 0 0 0 0 0 0 0 0 0 0 0 0 0 0 0 0 0 0 0
0 0 0 0 0 0 0 0 0 0 0 0 0 0 0 0 0 0 0 0 0 0 0 0 0 0 0 0 0 0 0 0 0 0 0 0
0 0 0 0 0 0 0 0 0 0 0 0 0 0 0 0 0 0 0 0 0 0 0 0 0 0 0 0 0 0 0 0 0 0 0 0
0 0 0 0 0 0 0 0 0 0 0 0 0 0 0 0 0 0 0 0 0
##$SHL_SFCOEFFS9= (0..200)
0 0 0 0 0 0 0 0 0 0 0 0 0 0 0 0 0 0 0 0 0 0 0 0 0 0 0 0 0 0 0 0 0 0 0 0
0 0 0 0 0 0 0 0 0 0 0 0 0 0 0 0 0 0 0 0 0 0 0 0 0 0 0 0 0 0 0 0 0 0 0 0
0 0 0 0 0 0 0 0 0 0 0 0 0 0 0 0 0 0 0 0 0 0 0 0 0 0 0 0 0 0 0 0 0 0 0 0
0 0 0 0 0 0 0 0 0 0 0 0 0 0 0 0 0 0 0 0 0 0 0 0 0 0 0 0 0 0 0 0 0 0 0 0
0 0 0 0 0 0 0 0 0 0 0 0 0 0 0 0 0 0 0 0 0 0 0 0 0 0 0 0 0 0 0 0 0 0 0 0
0 0 0 0 0 0 0 0 0 0 0 0 0 0 0 0 0 0 0 0 0
##$SHL_SMOOTHED= (0..15)
0 0 0 0 0 0 0 0 0 0 0 0 0 0 0 0
##$SHL_SMOOTHING= (0..15)
0 0 0 0 0 0 0 0 0 0 0 0 0 0 0 0
##$SHL_SPOAL= (0..15)
0 0 0 0 0 0 0 0 0 0 0 0 0 0 0 0
##$SHL_SPOFFS= (0..15)
0 0 0 0 0 0 0 0 0 0 0 0 0 0 0 0
##$SHL_SPOPH= (0..15)
0 0 0 0 0 0 0 0 0 0 0 0 0 0 0 0
##$SHL_STARTAMP= (0..15)
0 0 0 0 0 0 0 0 0 0 0 0 0 0 0 0
##$SHL_SW= (0..15)
0 0 0 0 0 0 0 0 0 0 0 0 0 0 0 0
##$SHL_SWDIR= (0..15)
-1 -1 -1 -1 -1 -1 -1 -1 -1 -1 -1 -1 -1 -1 -1 -1
##$SHL_TANKAPPA= (0..15)
0 0 0 0 0 0 0 0 0 0 0 0 0 0 0 0
##$SHL_TOTROT= (0..15)
180 0 0 0 0 0 0 0 0 0 0 0 0 0 0 0
##$SHL_TRUNCLEV= (0..15)
0 0 0 0 0 0 0 0 0 0 0 0 0 0 0 0
##$SHL_TYPE= (0..15)
<Inversion> <> <> <> <> <> <> <> <> <> <> <> <> <> <> <>
##$SHL_WINDOWSIZE= (0..15)
0 0 0 0 0 0 0 0 0 0 0 0 0 0 0 0
##$SHL_ZETA= (0..15)
0 0 0 0 0 0 0 0 0 0 0 0 0 0 0 0
##NPOINTS= 1000
##XYPOINTS= (XY..XY)
0.000000, 267.301300
0.789337, 261.912200
1.578624, 256.533800
2.367813, 251.166200
3.156855, 245.809300
3.945700, 240.463300
4.734299, 235.128200
5.522603, 229.803700
6.310563, 224.490100
7.098130, 219.187300
7.885255, 213.895400
8.671888, 208.614200
9.457981, 203.343700
10.243480, 198.084100
11.028350, 192.835300
11.812530, 187.597300
12.595970, 182.370100
13.378630, 177.153700
14.160450, 171.948100
14.941390, 166.753300
15.721400, 161.569400
16.500440, 156.396100
17.278440, 151.233700
18.055370, 146.082100
18.831170, 140.941300
19.605790, 135.811300
20.379200, 130.692100
21.151340, 125.583800
21.922160, 120.486100
22.691610, 115.399400
23.459650, 110.323300
24.226230, 105.258100
24.991300, 100.203700
25.754810, 95.160150
26.516710, 90.127350
27.276970, 85.105350
28.035520, 80.094150
28.792330, 75.093750
29.547340, 70.104150
30.300520, 65.125350
31.051800, 60.157350
31.801150, 55.200150
32.548520, 50.253750
33.293860, 45.318150
34.037130, 40.393350
34.778280, 35.479350
35.517260, 30.576150
36.254020, 25.683750
36.988530, 20.802150
37.720730, 15.931350
38.450580, 11.071350
39.178040, 6.222150
39.903060, 1.383750
40.625590, 356.556100
41.345580, 351.739400
42.063010, 346.933300
42.777810, 342.138200
43.489940, 337.353700
44.199370, 332.580200
44.906040, 327.817400
45.609920, 323.065400
46.310950, 318.324100
47.009100, 313.593700
47.704310, 308.874100
48.396560, 304.165300
49.085790, 299.467400
49.771960, 294.780100
50.455030, 290.103800
51.134960, 285.438100
51.811700, 280.783400
52.485220, 276.139300
53.155460, 271.506200
53.822390, 266.883700
54.485970, 262.272100
55.146150, 257.671300
55.802900, 253.081300
56.456170, 248.502100
57.105920, 243.933700
57.752120, 239.376100
58.394710, 234.829300
59.033670, 230.293400
59.668950, 225.768200
60.300510, 221.253700
60.928320, 216.750100
61.552320, 212.257300
62.172500, 207.775400
62.788800, 203.304100
63.401180, 198.843800
64.009620, 194.394100
64.614070, 189.955300
65.214490, 185.527400
65.810850, 181.110100
66.403110, 176.703700
66.991240, 172.308100
67.575180, 167.923300
68.154920, 163.549300
68.730410, 159.186200
69.301620, 154.833700
69.868510, 150.492200
70.431050, 146.161300
70.989200, 141.841400
71.542930, 137.532100
72.092200, 133.233700
72.636980, 128.946100
73.177230, 124.669300
73.712920, 120.403300
74.244020, 116.148100
74.770490, 111.903800
75.292310, 107.670100
75.809430, 103.447300
76.321830, 99.235350
76.829480, 95.034150
77.332330, 90.843750
77.830370, 86.664150
78.323560, 82.495350
78.811870, 78.337350
79.295270, 74.190150
79.773730, 70.053750
80.247220, 65.928150
80.715710, 61.813350
81.179170, 57.709350
81.637570, 53.616150
82.090890, 49.533750
82.539090, 45.462150
82.982150, 41.401350
83.420030, 37.351350
83.852720, 33.312150
84.280190, 29.283750
84.702400, 25.266150
85.119340, 21.259350
85.530970, 17.263350
85.937280, 13.278150
86.338230, 9.303750
86.733800, 5.340150
87.123960, 1.387350
87.508700, 357.445300
87.887990, 353.514200
88.261800, 349.593800
88.630110, 345.684200
88.992900, 341.785400
89.350140, 337.897300
89.701820, 334.020200
90.047900, 330.153700
90.388380, 326.298100
90.723230, 322.453300
91.052420, 318.619300
91.375940, 314.796200
91.693760, 310.983800
92.005880, 307.182200
92.312260, 303.391400
92.612880, 299.611400
92.907740, 295.842100
93.196810, 292.083800
93.480080, 288.336100
93.757510, 284.599300
94.029110, 280.873300
94.294850, 277.158200
94.554710, 273.453700
94.808680, 269.760200
95.056750, 266.077400
95.298890, 262.405300
95.535100, 258.744200
95.765350, 255.093700
95.989630, 251.454200
96.207940, 247.825300
96.420250, 244.207400
96.626550, 240.600100
96.826830, 237.003700
97.021080, 233.418100
97.209280, 229.843400
97.391430, 226.279400
97.567510, 222.726100
97.737510, 219.183700
97.901420, 215.652100
98.059230, 212.131400
98.210930, 208.621300
98.356510, 205.122200
98.495970, 201.633700
98.629280, 198.156200
98.756460, 194.689400
98.877470, 191.233300
98.992330, 187.788100
99.101020, 184.353700
99.203540, 180.930100
99.299870, 177.517300
99.390020, 174.115400
99.473970, 170.724100
99.551730, 167.343800
99.623280, 163.974200
99.688630, 160.615400
99.747760, 157.267300
99.800690, 153.930100
99.847390, 150.603800
99.887870, 147.288100
99.922130, 143.983300
99.950160, 140.689400
99.971960, 137.406200
99.987540, 134.133700
99.996880, 130.872100
100.000000, 127.621300
100.000000, 124.381300
100.000000, 121.152100
100.000000, 117.933700
100.000000, 114.726100
100.000000, 111.529300
100.000000, 108.343300
100.000000, 105.168100
100.000000, 102.003800
100.000000, 98.850150
100.000000, 95.707350
100.000000, 92.575350
100.000000, 89.454150
100.000000, 86.343750
100.000000, 83.244150
100.000000, 80.155350
100.000000, 77.077350
100.000000, 74.010150
100.000000, 70.953750
100.000000, 67.908150
100.000000, 64.873350
100.000000, 61.849350
100.000000, 58.836150
100.000000, 55.833750
100.000000, 52.842150
100.000000, 49.861350
100.000000, 46.891350
100.000000, 43.932150
100.000000, 40.983750
100.000000, 38.046150
100.000000, 35.119350
100.000000, 32.203350
100.000000, 29.298150
100.000000, 26.403750
100.000000, 23.520150
100.000000, 20.647350
100.000000, 17.785350
100.000000, 14.934150
100.000000, 12.093750
100.000000, 9.264150
100.000000, 6.445350
100.000000, 3.637350
100.000000, 0.840150
100.000000, 358.053700
100.000000, 355.278200
100.000000, 352.513300
100.000000, 349.759400
100.000000, 347.016100
100.000000, 344.283800
100.000000, 341.562200
100.000000, 338.851300
100.000000, 336.151400
100.000000, 333.462100
100.000000, 330.783800
100.000000, 328.116100
100.000000, 325.459400
100.000000, 322.813300
100.000000, 320.178100
100.000000, 317.553800
100.000000, 314.940100
100.000000, 312.337400
100.000000, 309.745400
100.000000, 307.164200
100.000000, 304.593800
100.000000, 302.034200
100.000000, 299.485300
100.000000, 296.947300
100.000000, 294.420100
100.000000, 291.903800
100.000000, 289.398200
100.000000, 286.903400
100.000000, 284.419400
100.000000, 281.946200
100.000000, 279.483800
100.000000, 277.032200
100.000000, 274.591300
100.000000, 272.161300
100.000000, 269.742100
100.000000, 267.333700
100.000000, 264.936200
100.000000, 262.549400
100.000000, 260.173300
100.000000, 257.808200
100.000000, 255.453800
100.000000, 253.110100
100.000000, 250.777300
100.000000, 248.455300
100.000000, 246.144100
100.000000, 243.843700
100.000000, 241.554200
100.000000, 239.275300
100.000000, 237.007300
100.000000, 234.750200
100.000000, 232.503800
100.000000, 230.268100
100.000000, 228.043300
100.000000, 225.829300
100.000000, 223.626100
100.000000, 221.433800
100.000000, 219.252100
100.000000, 217.081400
100.000000, 214.921400
100.000000, 212.772200
100.000000, 210.633800
100.000000, 208.506100
100.000000, 206.389300
100.000000, 204.283300
100.000000, 202.188100
100.000000, 200.103800
100.000000, 198.030200
100.000000, 195.967300
100.000000, 193.915400
100.000000, 191.874200
100.000000, 189.843800
100.000000, 187.824100
100.000000, 185.815300
100.000000, 183.817300
100.000000, 181.830100
100.000000, 179.853800
100.000000, 177.888200
100.000000, 175.933400
100.000000, 173.989400
100.000000, 172.056200
100.000000, 170.133800
100.000000, 168.222100
100.000000, 166.321300
100.000000, 164.431300
100.000000, 162.552100
100.000000, 160.683800
100.000000, 158.826100
100.000000, 156.979400
100.000000, 155.143400
100.000000, 153.318200
100.000000, 151.503800
100.000000, 149.700100
100.000000, 147.907300
100.000000, 146.125300
100.000000, 144.354200
100.000000, 142.593800
100.000000, 140.844100
100.000000, 139.105400
100.000000, 137.377400
100.000000, 135.660200
100.000000, 133.953700
100.000000, 132.258100
100.000000, 130.573400
100.000000, 128.899300
100.000000, 127.236200
100.000000, 125.583800
100.000000, 123.942200
100.000000, 122.311400
100.000000, 120.691400
100.000000, 119.082200
100.000000, 117.483700
100.000000, 115.896100
100.000000, 114.319300
100.000000, 112.753400
100.000000, 111.198100
100.000000, 109.653800
100.000000, 108.120200
100.000000, 106.597400
100.000000, 105.085400
100.000000, 103.584200
100.000000, 102.093700
100.000000, 100.614100
100.000000, 99.145350
100.000000, 97.687350
100.000000, 96.240150
100.000000, 94.803750
100.000000, 93.378150
100.000000, 91.963350
100.000000, 90.559350
100.000000, 89.166150
100.000000, 87.783750
100.000000, 86.412150
100.000000, 85.051350
100.000000, 83.701350
100.000000, 82.362150
100.000000, 81.033750
100.000000, 79.716150
100.000000, 78.409350
100.000000, 77.113350
100.000000, 75.828150
100.000000, 74.553750
100.000000, 73.290150
100.000000, 72.037350
100.000000, 70.795350
100.000000, 69.564150
100.000000, 68.343750
100.000000, 67.134150
100.000000, 65.935350
100.000000, 64.747350
100.000000, 63.570150
100.000000, 62.403750
100.000000, 61.248150
100.000000, 60.103350
100.000000, 58.969350
100.000000, 57.846150
100.000000, 56.733750
100.000000, 55.632150
100.000000, 54.541350
100.000000, 53.461350
100.000000, 52.392150
100.000000, 51.333750
100.000000, 50.286150
100.000000, 49.249350
100.000000, 48.223350
100.000000, 47.208150
100.000000, 46.203750
100.000000, 45.210150
100.000000, 44.227350
100.000000, 43.255350
100.000000, 42.294150
100.000000, 41.343750
100.000000, 40.404150
100.000000, 39.475350
100.000000, 38.557350
100.000000, 37.650150
100.000000, 36.753750
100.000000, 35.868150
100.000000, 34.993350
100.000000, 34.129350
100.000000, 33.276150
100.000000, 32.433750
100.000000, 31.602150
100.000000, 30.781350
100.000000, 29.971350
100.000000, 29.172150
100.000000, 28.383750
100.000000, 27.606150
100.000000, 26.839350
100.000000, 26.083350
100.000000, 25.338150
100.000000, 24.603750
100.000000, 23.880150
100.000000, 23.167350
100.000000, 22.465350
100.000000, 21.774150
100.000000, 21.093750
100.000000, 20.424150
100.000000, 19.765350
100.000000, 19.117350
100.000000, 18.480150
100.000000, 17.853750
100.000000, 17.238150
100.000000, 16.633350
100.000000, 16.039350
100.000000, 15.456150
100.000000, 14.883750
100.000000, 14.322150
100.000000, 13.771350
100.000000, 13.231350
100.000000, 12.702150
100.000000, 12.183750
100.000000, 11.676150
100.000000, 11.179350
100.000000, 10.693350
100.000000, 10.218150
100.000000, 9.753750
100.000000, 9.300150
100.000000, 8.857350
100.000000, 8.425350
100.000000, 8.004150
100.000000, 7.593750
100.000000, 7.194150
100.000000, 6.805350
100.000000, 6.427350
100.000000, 6.060150
100.000000, 5.703750
100.000000, 5.358150
100.000000, 5.023350
100.000000, 4.699350
100.000000, 4.386150
100.000000, 4.083750
100.000000, 3.792150
100.000000, 3.511350
100.000000, 3.241350
100.000000, 2.982150
100.000000, 2.733750
100.000000, 2.496150
100.000000, 2.269350
100.000000, 2.053350
100.000000, 1.848150
100.000000, 1.653750
100.000000, 1.470150
100.000000, 1.297350
100.000000, 1.135350
100.000000, 0.984150
100.000000, 0.843750
100.000000, 0.714150
100.000000, 0.595350
100.000000, 0.487350
100.000000, 0.390150
100.000000, 0.303750
100.000000, 0.228150
100.000000, 0.163350
100.000000, 0.109350
100.000000, 0.066150
100.000000, 0.033750
100.000000, 0.012150
100.000000, 0.001350
100.000000, 0.001350
100.000000, 0.012150
100.000000, 0.033750
100.000000, 0.066150
100.000000, 0.109350
100.000000, 0.163350
100.000000, 0.228150
100.000000, 0.303750
100.000000, 0.390150
100.000000, 0.487350
100.000000, 0.595350
100.000000, 0.714150
100.000000, 0.843750
100.000000, 0.984150
100.000000, 1.135350
100.000000, 1.297350
100.000000, 1.470150
100.000000, 1.653750
100.000000, 1.848150
100.000000, 2.053350
100.000000, 2.269350
100.000000, 2.496150
100.000000, 2.733750
100.000000, 2.982150
100.000000, 3.241350
100.000000, 3.511350
100.000000, 3.792150
100.000000, 4.083750
100.000000, 4.386150
100.000000, 4.699350
100.000000, 5.023350
100.000000, 5.358150
100.000000, 5.703750
100.000000, 6.060150
100.000000, 6.427350
100.000000, 6.805350
100.000000, 7.194150
100.000000, 7.593750
100.000000, 8.004150
100.000000, 8.425350
100.000000, 8.857350
100.000000, 9.300150
100.000000, 9.753750
100.000000, 10.218150
100.000000, 10.693350
100.000000, 11.179350
100.000000, 11.676150
100.000000, 12.183750
100.000000, 12.702150
100.000000, 13.231350
100.000000, 13.771350
100.000000, 14.322150
100.000000, 14.883750
100.000000, 15.456150
100.000000, 16.039350
100.000000, 16.633350
100.000000, 17.238150
100.000000, 17.853750
100.000000, 18.480150
100.000000, 19.117350
100.000000, 19.765350
100.000000, 20.424150
100.000000, 21.093750
100.000000, 21.774150
100.000000, 22.465350
100.000000, 23.167350
100.000000, 23.880150
100.000000, 24.603750
100.000000, 25.338150
100.000000, 26.083350
100.000000, 26.839350
100.000000, 27.606150
100.000000, 28.383750
100.000000, 29.172150
100.000000, 29.971350
100.000000, 30.781350
100.000000, 31.602150
100.000000, 32.433750
100.000000, 33.276150
100.000000, 34.129350
100.000000, 34.993350
100.000000, 35.868150
100.000000, 36.753750
100.000000, 37.650150
100.000000, 38.557350
100.000000, 39.475350
100.000000, 40.404150
100.000000, 41.343750
100.000000, 42.294150
100.000000, 43.255350
100.000000, 44.227350
100.000000, 45.210150
100.000000, 46.203750
100.000000, 47.208150
100.000000, 48.223350
100.000000, 49.249350
100.000000, 50.286150
100.000000, 51.333750
100.000000, 52.392150
100.000000, 53.461350
100.000000, 54.541350
100.000000, 55.632150
100.000000, 56.733750
100.000000, 57.846150
100.000000, 58.969350
100.000000, 60.103350
100.000000, 61.248150
100.000000, 62.403750
100.000000, 63.570150
100.000000, 64.747350
100.000000, 65.935350
100.000000, 67.134150
100.000000, 68.343750
100.000000, 69.564150
100.000000, 70.795350
100.000000, 72.037350
100.000000, 73.290150
100.000000, 74.553750
100.000000, 75.828150
100.000000, 77.113350
100.000000, 78.409350
100.000000, 79.716150
100.000000, 81.033750
100.000000, 82.362150
100.000000, 83.701350
100.000000, 85.051350
100.000000, 86.412150
100.000000, 87.783750
100.000000, 89.166150
100.000000, 90.559350
100.000000, 91.963350
100.000000, 93.378150
100.000000, 94.803750
100.000000, 96.240150
100.000000, 97.687350
100.000000, 99.145350
100.000000, 100.614100
100.000000, 102.093700
100.000000, 103.584200
100.000000, 105.085400
100.000000, 106.597400
100.000000, 108.120200
100.000000, 109.653800
100.000000, 111.198100
100.000000, 112.753400
100.000000, 114.319300
100.000000, 115.896100
100.000000, 117.483700
100.000000, 119.082200
100.000000, 120.691400
100.000000, 122.311400
100.000000, 123.942200
100.000000, 125.583800
100.000000, 127.236200
100.000000, 128.899300
100.000000, 130.573400
100.000000, 132.258100
100.000000, 133.953700
100.000000, 135.660200
100.000000, 137.377400
100.000000, 139.105400
100.000000, 140.844100
100.000000, 142.593800
100.000000, 144.354200
100.000000, 146.125300
100.000000, 147.907300
100.000000, 149.700100
100.000000, 151.503800
100.000000, 153.318200
100.000000, 155.143400
100.000000, 156.979400
100.000000, 158.826100
100.000000, 160.683800
100.000000, 162.552100
100.000000, 164.431300
100.000000, 166.321300
100.000000, 168.222100
100.000000, 170.133800
100.000000, 172.056200
100.000000, 173.989400
100.000000, 175.933400
100.000000, 177.888200
100.000000, 179.853800
100.000000, 181.830100
100.000000, 183.817300
100.000000, 185.815300
100.000000, 187.824100
100.000000, 189.843800
100.000000, 191.874200
100.000000, 193.915400
100.000000, 195.967300
100.000000, 198.030200
100.000000, 200.103800
100.000000, 202.188100
100.000000, 204.283300
100.000000, 206.389300
100.000000, 208.506100
100.000000, 210.633800
100.000000, 212.772200
100.000000, 214.921400
100.000000, 217.081400
100.000000, 219.252100
100.000000, 221.433800
100.000000, 223.626100
100.000000, 225.829300
100.000000, 228.043300
100.000000, 230.268100
100.000000, 232.503800
100.000000, 234.750200
100.000000, 237.007300
100.000000, 239.275300
100.000000, 241.554200
100.000000, 243.843700
100.000000, 246.144100
100.000000, 248.455300
100.000000, 250.777300
100.000000, 253.110100
100.000000, 255.453800
100.000000, 257.808200
100.000000, 260.173300
100.000000, 262.549400
100.000000, 264.936200
100.000000, 267.333700
100.000000, 269.742100
100.000000, 272.161300
100.000000, 274.591300
100.000000, 277.032200
100.000000, 279.483800
100.000000, 281.946200
100.000000, 284.419400
100.000000, 286.903400
100.000000, 289.398200
100.000000, 291.903800
100.000000, 294.420100
100.000000, 296.947300
100.000000, 299.485300
100.000000, 302.034200
100.000000, 304.593800
100.000000, 307.164200
100.000000, 309.745400
100.000000, 312.337400
100.000000, 314.940100
100.000000, 317.553800
100.000000, 320.178100
100.000000, 322.813300
100.000000, 325.459400
100.000000, 328.116100
100.000000, 330.783800
100.000000, 333.462100
100.000000, 336.151400
100.000000, 338.851300
100.000000, 341.562200
100.000000, 344.283800
100.000000, 347.016100
100.000000, 349.759400
100.000000, 352.513300
100.000000, 355.278200
100.000000, 358.053700
100.000000, 0.840150
100.000000, 3.637350
100.000000, 6.445350
100.000000, 9.264150
100.000000, 12.093750
100.000000, 14.934150
100.000000, 17.785350
100.000000, 20.647350
100.000000, 23.520150
100.000000, 26.403750
100.000000, 29.298150
100.000000, 32.203350
100.000000, 35.119350
100.000000, 38.046150
100.000000, 40.983750
100.000000, 43.932150
100.000000, 46.891350
100.000000, 49.861350
100.000000, 52.842150
100.000000, 55.833750
100.000000, 58.836150
100.000000, 61.849350
100.000000, 64.873350
100.000000, 67.908150
100.000000, 70.953750
100.000000, 74.010150
100.000000, 77.077350
100.000000, 80.155350
100.000000, 83.244150
100.000000, 86.343750
100.000000, 89.454150
100.000000, 92.575350
100.000000, 95.707350
100.000000, 98.850150
100.000000, 102.003800
100.000000, 105.168100
100.000000, 108.343300
100.000000, 111.529300
100.000000, 114.726100
100.000000, 117.933700
100.000000, 121.152100
100.000000, 124.381300
100.000000, 127.621300
99.996880, 130.872100
99.987540, 134.133700
99.971960, 137.406200
99.950160, 140.689400
99.922130, 143.983300
99.887870, 147.288100
99.847390, 150.603800
99.800690, 153.930100
99.747760, 157.267300
99.688630, 160.615400
99.623280, 163.974200
99.551730, 167.343800
99.473970, 170.724100
99.390020, 174.115400
99.299870, 177.517300
99.203540, 180.930100
99.101020, 184.353700
98.992330, 187.788100
98.877470, 191.233300
98.756460, 194.689400
98.629280, 198.156200
98.495970, 201.633700
98.356510, 205.122200
98.210930, 208.621300
98.059230, 212.131400
97.901420, 215.652100
97.737510, 219.183700
97.567510, 222.726100
97.391430, 226.279400
97.209280, 229.843400
97.021080, 233.418100
96.826830, 237.003700
96.626550, 240.600100
96.420250, 244.207400
96.207940, 247.825300
95.989630, 251.454200
95.765350, 255.093700
95.535100, 258.744200
95.298890, 262.405300
95.056750, 266.077400
94.808680, 269.760200
94.554710, 273.453700
94.294850, 277.158200
94.029110, 280.873300
93.757510, 284.599300
93.480080, 288.336100
93.196810, 292.083800
92.907740, 295.842100
92.612880, 299.611400
92.312260, 303.391400
92.005880, 307.182200
91.693760, 310.983800
91.375940, 314.796200
91.052420, 318.619300
90.723230, 322.453300
90.388380, 326.298100
90.047900, 330.153700
89.701820, 334.020200
89.350140, 337.897300
88.992900, 341.785400
88.630110, 345.684200
88.261800, 349.593800
87.887990, 353.514200
87.508700, 357.445300
87.123960, 1.387350
86.733800, 5.340150
86.338230, 9.303750
85.937280, 13.278150
85.530970, 17.263350
85.119340, 21.259350
84.702400, 25.266150
84.280190, 29.283750
83.852720, 33.312150
83.420030, 37.351350
82.982150, 41.401350
82.539090, 45.462150
82.090890, 49.533750
81.637570, 53.616150
81.179170, 57.709350
80.715710, 61.813350
80.247220, 65.928150
79.773730, 70.053750
79.295270, 74.190150
78.811870, 78.337350
78.323560, 82.495350
77.830370, 86.664150
77.332330, 90.843750
76.829480, 95.034150
76.321830, 99.235350
75.809430, 103.447300
75.292310, 107.670100
74.770490, 111.903800
74.244020, 116.148100
73.712920, 120.403300
73.177230, 124.669300
72.636980, 128.946100
72.092200, 133.233700
71.542930, 137.532100
70.989200, 141.841400
70.431050, 146.161300
69.868510, 150.492200
69.301620, 154.833700
68.730410, 159.186200
68.154920, 163.549300
67.575180, 167.923300
66.991240, 172.308100
66.403110, 176.703700
65.810850, 181.110100
65.214490, 185.527400
64.614070, 189.955300
64.009620, 194.394100
63.401180, 198.843800
62.788800, 203.304100
62.172500, 207.775400
61.552320, 212.257300
60.928320, 216.750100
60.300510, 221.253700
59.668950, 225.768200
59.033670, 230.293400
58.394710, 234.829300
57.752120, 239.376100
57.105920, 243.933700
56.456170, 248.502100
55.802900, 253.081300
55.146150, 257.671300
54.485970, 262.272100
53.822390, 266.883700
53.155460, 271.506200
52.485220, 276.139300
51.811700, 280.783400
51.134960, 285.438100
50.455030, 290.103800
49.771960, 294.780100
49.085790, 299.467400
48.396560, 304.165300
47.704310, 308.874100
47.009100, 313.593700
46.310950, 318.324100
45.609920, 323.065400
44.906040, 327.817400
44.199370, 332.580200
43.489940, 337.353700
42.777810, 342.138200
42.063010, 346.933300
41.345580, 351.739400
40.625590, 356.556100
39.903060, 1.383750
39.178040, 6.222150
38.450580, 11.071350
37.720730, 15.931350
36.988530, 20.802150
36.254020, 25.683750
35.517260, 30.576150
34.778280, 35.479350
34.037130, 40.393350
33.293860, 45.318150
32.548520, 50.253750
31.801150, 55.200150
31.051800, 60.157350
30.300520, 65.125350
29.547340, 70.104150
28.792330, 75.093750
28.035520, 80.094150
27.276970, 85.105350
26.516710, 90.127350
25.754810, 95.160150
24.991300, 100.203700
24.226230, 105.258100
23.459650, 110.323300
22.691610, 115.399400
21.922160, 120.486100
21.151340, 125.583800
20.379200, 130.692100
19.605790, 135.811300
18.831170, 140.941300
18.055370, 146.082100
17.278440, 151.233700
16.500440, 156.396100
15.721400, 161.569400
14.941390, 166.753300
14.160450, 171.948100
13.378630, 177.153700
12.595970, 182.370100
11.812530, 187.597300
11.028350, 192.835300
10.243480, 198.084100
9.457981, 203.343700
8.671888, 208.614200
7.885255, 213.895400
7.098130, 219.187300
6.310563, 224.490100
5.522603, 229.803700
4.734299, 235.128200
3.945700, 240.463300
3.156855, 245.809300
2.367813, 251.166200
1.578624, 256.533800
0.789337, 261.912200
0.000000, 267.301300
##END=
##XYPOINTS= (XY..XY)
0.000000, 267.301300
0.789337, 261.912200
1.578624, 256.533800
2.367813, 251.166200
3.156855, 245.809300
3.945700, 240.463300
4.734299, 235.128200
5.522603, 229.803700
6.310563, 224.490100
7.098130, 219.187300
7.885255, 213.895400
8.671888, 208.614200
9.457981, 203.343700
10.243480, 198.084100
11.028350, 192.835300
11.812530, 187.597300
12.595970, 182.370100
13.378630, 177.153700
14.160450, 171.948100
14.941390, 166.753300
15.721400, 161.569400
16.500440, 156.396100
17.278440, 151.233700
18.055370, 146.082100
18.831170, 140.941300
19.605790, 135.811300
20.379200, 130.692100
21.151340, 125.583800
21.922160, 120.486100
22.691610, 115.399400
23.459650, 110.323300
24.226230, 105.258100
24.991300, 100.203700
25.754810, 95.160150
26.516710, 90.127350
27.276970, 85.105350
28.035520, 80.094150
28.792330, 75.093750
29.547340, 70.104150
30.300520, 65.125350
31.051800, 60.157350
31.801150, 55.200150
32.548520, 50.253750
33.293860, 45.318150
34.037130, 40.393350
34.778280, 35.479350
35.517260, 30.576150
36.254020, 25.683750
36.988530, 20.802150
37.720730, 15.931350
38.450580, 11.071350
39.178040, 6.222150
39.903060, 1.383750
40.625590, 356.556100
41.345580, 351.739400
42.063010, 346.933300
42.777810, 342.138200
43.489940, 337.353700
44.199370, 332.580200
44.906040, 327.817400
45.609920, 323.065400
46.310950, 318.324100
47.009100, 313.593700
47.704310, 308.874100
48.396560, 304.165300
49.085790, 299.467400
49.771960, 294.780100
50.455030, 290.103800
51.134960, 285.438100
51.811700, 280.783400
52.485220, 276.139300
53.155460, 271.506200
53.822390, 266.883700
54.485970, 262.272100
55.146150, 257.671300
55.802900, 253.081300
56.456170, 248.502100
57.105920, 243.933700
57.752120, 239.376100
58.394710, 234.829300
59.033670, 230.293400
59.668950, 225.768200
60.300510, 221.253700
60.928320, 216.750100
61.552320, 212.257300
62.172500, 207.775400
62.788800, 203.304100
63.401180, 198.843800
64.009620, 194.394100
64.614070, 189.955300
65.214490, 185.527400
65.810850, 181.110100
66.403110, 176.703700
66.991240, 172.308100
67.575180, 167.923300
68.154920, 163.549300
68.730410, 159.186200
69.301620, 154.833700
69.868510, 150.492200
70.431050, 146.161300
70.989200, 141.841400
71.542930, 137.532100
72.092200, 133.233700
72.636980, 128.946100
73.177230, 124.669300
73.712920, 120.403300
74.244020, 116.148100
74.770490, 111.903800
75.292310, 107.670100
75.809430, 103.447300
76.321830, 99.235350
76.829480, 95.034150
77.332330, 90.843750
77.830370, 86.664150
78.323560, 82.495350
78.811870, 78.337350
79.295270, 74.190150
79.773730, 70.053750
80.247220, 65.928150
80.715710, 61.813350
81.179170, 57.709350
81.637570, 53.616150
82.090890, 49.533750
82.539090, 45.462150
82.982150, 41.401350
83.420030, 37.351350
83.852720, 33.312150
84.280190, 29.283750
84.702400, 25.266150
85.119340, 21.259350
85.530970, 17.263350
85.937280, 13.278150
86.338230, 9.303750
86.733800, 5.340150
87.123960, 1.387350
87.508700, 357.445300
87.887990, 353.514200
88.261800, 349.593800
88.630110, 345.684200
88.992900, 341.785400
89.350140, 337.897300
89.701820, 334.020200
90.047900, 330.153700
90.388380, 326.298100
90.723230, 322.453300
91.052420, 318.619300
91.375940, 314.796200
91.693760, 310.983800
92.005880, 307.182200
92.312260, 303.391400
92.612880, 299.611400
92.907740, 295.842100
93.196810, 292.083800
93.480080, 288.336100
93.757510, 284.599300
94.029110, 280.873300
94.294850, 277.158200
94.554710, 273.453700
94.808680, 269.760200
95.056750, 266.077400
95.298890, 262.405300
95.535100, 258.744200
95.765350, 255.093700
95.989630, 251.454200
96.207940, 247.825300
96.420250, 244.207400
96.626550, 240.600100
96.826830, 237.003700
97.021080, 233.418100
97.209280, 229.843400
97.391430, 226.279400
97.567510, 222.726100
97.737510, 219.183700
97.901420, 215.652100
98.059230, 212.131400
98.210930, 208.621300
98.356510, 205.122200
98.495970, 201.633700
98.629280, 198.156200
98.756460, 194.689400
98.877470, 191.233300
98.992330, 187.788100
99.101020, 184.353700
99.203540, 180.930100
99.299870, 177.517300
99.390020, 174.115400
99.473970, 170.724100
99.551730, 167.343800
99.623280, 163.974200
99.688630, 160.615400
99.747760, 157.267300
99.800690, 153.930100
99.847390, 150.603800
99.887870, 147.288100
99.922130, 143.983300
99.950160, 140.689400
99.971960, 137.406200
99.987540, 134.133700
99.996880, 130.872100
100.000000, 127.621300
100.000000, 124.381300
100.000000, 121.152100
100.000000, 117.933700
100.000000, 114.726100
100.000000, 111.529300
100.000000, 108.343300
100.000000, 105.168100
100.000000, 102.003800
100.000000, 98.850150
100.000000, 95.707350
100.000000, 92.575350
100.000000, 89.454150
100.000000, 86.343750
100.000000, 83.244150
100.000000, 80.155350
100.000000, 77.077350
100.000000, 74.010150
100.000000, 70.953750
100.000000, 67.908150
100.000000, 64.873350
100.000000, 61.849350
100.000000, 58.836150
100.000000, 55.833750
100.000000, 52.842150
100.000000, 49.861350
100.000000, 46.891350
100.000000, 43.932150
100.000000, 40.983750
100.000000, 38.046150
100.000000, 35.119350
100.000000, 32.203350
100.000000, 29.298150
100.000000, 26.403750
100.000000, 23.520150
100.000000, 20.647350
100.000000, 17.785350
100.000000, 14.934150
100.000000, 12.093750
100.000000, 9.264150
100.000000, 6.445350
100.000000, 3.637350
100.000000, 0.840150
100.000000, 358.053700
100.000000, 355.278200
100.000000, 352.513300
100.000000, 349.759400
100.000000, 347.016100
100.000000, 344.283800
100.000000, 341.562200
100.000000, 338.851300
100.000000, 336.151400
100.000000, 333.462100
100.000000, 330.783800
100.000000, 328.116100
100.000000, 325.459400
100.000000, 322.813300
100.000000, 320.178100
100.000000, 317.553800
100.000000, 314.940100
100.000000, 312.337400
100.000000, 309.745400
100.000000, 307.164200
100.000000, 304.593800
100.000000, 302.034200
100.000000, 299.485300
100.000000, 296.947300
100.000000, 294.420100
100.000000, 291.903800
100.000000, 289.398200
100.000000, 286.903400
100.000000, 284.419400
100.000000, 281.946200
100.000000, 279.483800
100.000000, 277.032200
100.000000, 274.591300
100.000000, 272.161300
100.000000, 269.742100
100.000000, 267.333700
100.000000, 264.936200
100.000000, 262.549400
100.000000, 260.173300
100.000000, 257.808200
100.000000, 255.453800
100.000000, 253.110100
100.000000, 250.777300
100.000000, 248.455300
100.000000, 246.144100
100.000000, 243.843700
100.000000, 241.554200
100.000000, 239.275300
100.000000, 237.007300
100.000000, 234.750200
100.000000, 232.503800
100.000000, 230.268100
100.000000, 228.043300
100.000000, 225.829300
100.000000, 223.626100
100.000000, 221.433800
100.000000, 219.252100
100.000000, 217.081400
100.000000, 214.921400
100.000000, 212.772200
100.000000, 210.633800
100.000000, 208.506100
100.000000, 206.389300
100.000000, 204.283300
100.000000, 202.188100
100.000000, 200.103800
100.000000, 198.030200
100.000000, 195.967300
100.000000, 193.915400
100.000000, 191.874200
100.000000, 189.843800
100.000000, 187.824100
100.000000, 185.815300
100.000000, 183.817300
100.000000, 181.830100
100.000000, 179.853800
100.000000, 177.888200
100.000000, 175.933400
100.000000, 173.989400
100.000000, 172.056200
100.000000, 170.133800
100.000000, 168.222100
100.000000, 166.321300
100.000000, 164.431300
100.000000, 162.552100
100.000000, 160.683800
100.000000, 158.826100
100.000000, 156.979400
100.000000, 155.143400
100.000000, 153.318200
100.000000, 151.503800
100.000000, 149.700100
100.000000, 147.907300
100.000000, 146.125300
100.000000, 144.354200
100.000000, 142.593800
100.000000, 140.844100
100.000000, 139.105400
100.000000, 137.377400
100.000000, 135.660200
100.000000, 133.953700
100.000000, 132.258100
100.000000, 130.573400
100.000000, 128.899300
100.000000, 127.236200
100.000000, 125.583800
100.000000, 123.942200
100.000000, 122.311400
100.000000, 120.691400
100.000000, 119.082200
100.000000, 117.483700
100.000000, 115.896100
100.000000, 114.319300
100.000000, 112.753400
100.000000, 111.198100
100.000000, 109.653800
100.000000, 108.120200
100.000000, 106.597400
100.000000, 105.085400
100.000000, 103.584200
100.000000, 102.093700
100.000000, 100.614100
100.000000, 99.145350
100.000000, 97.687350
100.000000, 96.240150
100.000000, 94.803750
100.000000, 93.378150
100.000000, 91.963350
100.000000, 90.559350
100.000000, 89.166150
100.000000, 87.783750
100.000000, 86.412150
100.000000, 85.051350
100.000000, 83.701350
100.000000, 82.362150
100.000000, 81.033750
100.000000, 79.716150
100.000000, 78.409350
100.000000, 77.113350
100.000000, 75.828150
100.000000, 74.553750
100.000000, 73.290150
100.000000, 72.037350
100.000000, 70.795350
100.000000, 69.564150
100.000000, 68.343750
100.000000, 67.134150
100.000000, 65.935350
100.000000, 64.747350
100.000000, 63.570150
100.000000, 62.403750
100.000000, 61.248150
100.000000, 60.103350
100.000000, 58.969350
100.000000, 57.846150
100.000000, 56.733750
100.000000, 55.632150
100.000000, 54.541350
100.000000, 53.461350
100.000000, 52.392150
100.000000, 51.333750
100.000000, 50.286150
100.000000, 49.249350
100.000000, 48.223350
100.000000, 47.208150
100.000000, 46.203750
100.000000, 45.210150
100.000000, 44.227350
100.000000, 43.255350
100.000000, 42.294150
100.000000, 41.343750
100.000000, 40.404150
100.000000, 39.475350
100.000000, 38.557350
100.000000, 37.650150
100.000000, 36.753750
100.000000, 35.868150
100.000000, 34.993350
100.000000, 34.129350
100.000000, 33.276150
100.000000, 32.433750
100.000000, 31.602150
100.000000, 30.781350
100.000000, 29.971350
100.000000, 29.172150
100.000000, 28.383750
100.000000, 27.606150
100.000000, 26.839350
100.000000, 26.083350
100.000000, 25.338150
100.000000, 24.603750
100.000000, 23.880150
100.000000, 23.167350
100.000000, 22.465350
100.000000, 21.774150
100.000000, 21.093750
100.000000, 20.424150
100.000000, 19.765350
100.000000, 19.117350
100.000000, 18.480150
100.000000, 17.853750
100.000000, 17.238150
100.000000, 16.633350
100.000000, 16.039350
100.000000, 15.456150
100.000000, 14.883750
100.000000, 14.322150
100.000000, 13.771350
100.000000, 13.231350
100.000000, 12.702150
100.000000, 12.183750
100.000000, 11.676150
100.000000, 11.179350
100.000000, 10.693350
100.000000, 10.218150
100.000000, 9.753750
100.000000, 9.300150
100.000000, 8.857350
100.000000, 8.425350
100.000000, 8.004150
100.000000, 7.593750
100.000000, 7.194150
100.000000, 6.805350
100.000000, 6.427350
100.000000, 6.060150
100.000000, 5.703750
100.000000, 5.358150
100.000000, 5.023350
100.000000, 4.699350
100.000000, 4.386150
100.000000, 4.083750
100.000000, 3.792150
100.000000, 3.511350
100.000000, 3.241350
100.000000, 2.982150
100.000000, 2.733750
100.000000, 2.496150
100.000000, 2.269350
100.000000, 2.053350
100.000000, 1.848150
100.000000, 1.653750
100.000000, 1.470150
100.000000, 1.297350
100.000000, 1.135350
100.000000, 0.984150
100.000000, 0.843750
100.000000, 0.714150
100.000000, 0.595350
100.000000, 0.487350
100.000000, 0.390150
100.000000, 0.303750
100.000000, 0.228150
100.000000, 0.163350
100.000000, 0.109350
100.000000, 0.066150
100.000000, 0.033750
100.000000, 0.012150
100.000000, 0.001350
100.000000, 0.001350
100.000000, 0.012150
100.000000, 0.033750
100.000000, 0.066150
100.000000, 0.109350
100.000000, 0.163350
100.000000, 0.228150
100.000000, 0.303750
100.000000, 0.390150
100.000000, 0.487350
100.000000, 0.595350
100.000000, 0.714150
100.000000, 0.843750
100.000000, 0.984150
100.000000, 1.135350
100.000000, 1.297350
100.000000, 1.470150
100.000000, 1.653750
100.000000, 1.848150
100.000000, 2.053350
100.000000, 2.269350
100.000000, 2.496150
100.000000, 2.733750
100.000000, 2.982150
100.000000, 3.241350
100.000000, 3.511350
100.000000, 3.792150
100.000000, 4.083750
100.000000, 4.386150
100.000000, 4.699350
100.000000, 5.023350
100.000000, 5.358150
100.000000, 5.703750
100.000000, 6.060150
100.000000, 6.427350
100.000000, 6.805350
100.000000, 7.194150
100.000000, 7.593750
100.000000, 8.004150
100.000000, 8.425350
100.000000, 8.857350
100.000000, 9.300150
100.000000, 9.753750
100.000000, 10.218150
100.000000, 10.693350
100.000000, 11.179350
100.000000, 11.676150
100.000000, 12.183750
100.000000, 12.702150
100.000000, 13.231350
100.000000, 13.771350
100.000000, 14.322150
100.000000, 14.883750
100.000000, 15.456150
100.000000, 16.039350
100.000000, 16.633350
100.000000, 17.238150
100.000000, 17.853750
100.000000, 18.480150
100.000000, 19.117350
100.000000, 19.765350
100.000000, 20.424150
100.000000, 21.093750
100.000000, 21.774150
100.000000, 22.465350
100.000000, 23.167350
100.000000, 23.880150
100.000000, 24.603750
100.000000, 25.338150
100.000000, 26.083350
100.000000, 26.839350
100.000000, 27.606150
100.000000, 28.383750
100.000000, 29.172150
100.000000, 29.971350
100.000000, 30.781350
100.000000, 31.602150
100.000000, 32.433750
100.000000, 33.276150
100.000000, 34.129350
100.000000, 34.993350
100.000000, 35.868150
100.000000, 36.753750
100.000000, 37.650150
100.000000, 38.557350
100.000000, 39.475350
100.000000, 40.404150
100.000000, 41.343750
100.000000, 42.294150
100.000000, 43.255350
100.000000, 44.227350
100.000000, 45.210150
100.000000, 46.203750
100.000000, 47.208150
100.000000, 48.223350
100.000000, 49.249350
100.000000, 50.286150
100.000000, 51.333750
100.000000, 52.392150
100.000000, 53.461350
100.000000, 54.541350
100.000000, 55.632150
100.000000, 56.733750
100.000000, 57.846150
100.000000, 58.969350
100.000000, 60.103350
100.000000, 61.248150
100.000000, 62.403750
100.000000, 63.570150
100.000000, 64.747350
100.000000, 65.935350
100.000000, 67.134150
100.000000, 68.343750
100.000000, 69.564150
100.000000, 70.795350
100.000000, 72.037350
100.000000, 73.290150
100.000000, 74.553750
100.000000, 75.828150
100.000000, 77.113350
100.000000, 78.409350
100.000000, 79.716150
100.000000, 81.033750
100.000000, 82.362150
100.000000, 83.701350
100.000000, 85.051350
100.000000, 86.412150
100.000000, 87.783750
100.000000, 89.166150
100.000000, 90.559350
100.000000, 91.963350
100.000000, 93.378150
100.000000, 94.803750
100.000000, 96.240150
100.000000, 97.687350
100.000000, 99.145350
100.000000, 100.614100
100.000000, 102.093700
100.000000, 103.584200
100.000000, 105.085400
100.000000, 106.597400
100.000000, 108.120200
100.000000, 109.653800
100.000000, 111.198100
100.000000, 112.753400
100.000000, 114.319300
100.000000, 115.896100
100.000000, 117.483700
100.000000, 119.082200
100.000000, 120.691400
100.000000, 122.311400
100.000000, 123.942200
100.000000, 125.583800
100.000000, 127.236200
100.000000, 128.899300
100.000000, 130.573400
100.000000, 132.258100
100.000000, 133.953700
100.000000, 135.660200
100.000000, 137.377400
100.000000, 139.105400
100.000000, 140.844100
100.000000, 142.593800
100.000000, 144.354200
100.000000, 146.125300
100.000000, 147.907300
100.000000, 149.700100
100.000000, 151.503800
100.000000, 153.318200
100.000000, 155.143400
100.000000, 156.979400
100.000000, 158.826100
100.000000, 160.683800
100.000000, 162.552100
100.000000, 164.431300
100.000000, 166.321300
100.000000, 168.222100
100.000000, 170.133800
100.000000, 172.056200
100.000000, 173.989400
100.000000, 175.933400
100.000000, 177.888200
100.000000, 179.853800
100.000000, 181.830100
100.000000, 183.817300
100.000000, 185.815300
100.000000, 187.824100
100.000000, 189.843800
100.000000, 191.874200
100.000000, 193.915400
100.000000, 195.967300
100.000000, 198.030200
100.000000, 200.103800
100.000000, 202.188100
100.000000, 204.283300
100.000000, 206.389300
100.000000, 208.506100
100.000000, 210.633800
100.000000, 212.772200
100.000000, 214.921400
100.000000, 217.081400
100.000000, 219.252100
100.000000, 221.433800
100.000000, 223.626100
100.000000, 225.829300
100.000000, 228.043300
100.000000, 230.268100
100.000000, 232.503800
100.000000, 234.750200
100.000000, 237.007300
100.000000, 239.275300
100.000000, 241.554200
100.000000, 243.843700
100.000000, 246.144100
100.000000, 248.455300
100.000000, 250.777300
100.000000, 253.110100
100.000000, 255.453800
100.000000, 257.808200
100.000000, 260.173300
100.000000, 262.549400
100.000000, 264.936200
100.000000, 267.333700
100.000000, 269.742100
100.000000, 272.161300
100.000000, 274.591300
100.000000, 277.032200
100.000000, 279.483800
100.000000, 281.946200
100.000000, 284.419400
100.000000, 286.903400
100.000000, 289.398200
100.000000, 291.903800
100.000000, 294.420100
100.000000, 296.947300
100.000000, 299.485300
100.000000, 302.034200
100.000000, 304.593800
100.000000, 307.164200
100.000000, 309.745400
100.000000, 312.337400
100.000000, 314.940100
100.000000, 317.553800
100.000000, 320.178100
100.000000, 322.813300
100.000000, 325.459400
100.000000, 328.116100
100.000000, 330.783800
100.000000, 333.462100
100.000000, 336.151400
100.000000, 338.851300
100.000000, 341.562200
100.000000, 344.283800
100.000000, 347.016100
100.000000, 349.759400
100.000000, 352.513300
100.000000, 355.278200
100.000000, 358.053700
100.000000, 0.840150
100.000000, 3.637350
100.000000, 6.445350
100.000000, 9.264150
100.000000, 12.093750
100.000000, 14.934150
100.000000, 17.785350
100.000000, 20.647350
100.000000, 23.520150
100.000000, 26.403750
100.000000, 29.298150
100.000000, 32.203350
100.000000, 35.119350
100.000000, 38.046150
100.000000, 40.983750
100.000000, 43.932150
100.000000, 46.891350
100.000000, 49.861350
100.000000, 52.842150
100.000000, 55.833750
100.000000, 58.836150
100.000000, 61.849350
100.000000, 64.873350
100.000000, 67.908150
100.000000, 70.953750
100.000000, 74.010150
100.000000, 77.077350
100.000000, 80.155350
100.000000, 83.244150
100.000000, 86.343750
100.000000, 89.454150
100.000000, 92.575350
100.000000, 95.707350
100.000000, 98.850150
100.000000, 102.003800
100.000000, 105.168100
100.000000, 108.343300
100.000000, 111.529300
100.000000, 114.726100
100.000000, 117.933700
100.000000, 121.152100
100.000000, 124.381300
100.000000, 127.621300
99.996880, 130.872100
99.987540, 134.133700
99.971960, 137.406200
99.950160, 140.689400
99.922130, 143.983300
99.887870, 147.288100
99.847390, 150.603800
99.800690, 153.930100
99.747760, 157.267300
99.688630, 160.615400
99.623280, 163.974200
99.551730, 167.343800
99.473970, 170.724100
99.390020, 174.115400
99.299870, 177.517300
99.203540, 180.930100
99.101020, 184.353700
98.992330, 187.788100
98.877470, 191.233300
98.756460, 194.689400
98.629280, 198.156200
98.495970, 201.633700
98.356510, 205.122200
98.210930, 208.621300
98.059230, 212.131400
97.901420, 215.652100
97.737510, 219.183700
97.567510, 222.726100
97.391430, 226.279400
97.209280, 229.843400
97.021080, 233.418100
96.826830, 237.003700
96.626550, 240.600100
96.420250, 244.207400
96.207940, 247.825300
95.989630, 251.454200
95.765350, 255.093700
95.535100, 258.744200
95.298890, 262.405300
95.056750, 266.077400
94.808680, 269.760200
94.554710, 273.453700
94.294850, 277.158200
94.029110, 280.873300
93.757510, 284.599300
93.480080, 288.336100
93.196810, 292.083800
92.907740, 295.842100
92.612880, 299.611400
92.312260, 303.391400
92.005880, 307.182200
91.693760, 310.983800
91.375940, 314.796200
91.052420, 318.619300
90.723230, 322.453300
90.388380, 326.298100
90.047900, 330.153700
89.701820, 334.020200
89.350140, 337.897300
88.992900, 341.785400
88.630110, 345.684200
88.261800, 349.593800
87.887990, 353.514200
87.508700, 357.445300
87.123960, 1.387350
86.733800, 5.340150
86.338230, 9.303750
85.937280, 13.278150
85.530970, 17.263350
85.119340, 21.259350
84.702400, 25.266150
84.280190, 29.283750
83.852720, 33.312150
83.420030, 37.351350
82.982150, 41.401350
82.539090, 45.462150
82.090890, 49.533750
81.637570, 53.616150
81.179170, 57.709350
80.715710, 61.813350
80.247220, 65.928150
79.773730, 70.053750
79.295270, 74.190150
78.811870, 78.337350
78.323560, 82.495350
77.830370, 86.664150
77.332330, 90.843750
76.829480, 95.034150
76.321830, 99.235350
75.809430, 103.447300
75.292310, 107.670100
74.770490, 111.903800
74.244020, 116.148100
73.712920, 120.403300
73.177230, 124.669300
72.636980, 128.946100
72.092200, 133.233700
71.542930, 137.532100
70.989200, 141.841400
70.431050, 146.161300
69.868510, 150.492200
69.301620, 154.833700
68.730410, 159.186200
68.154920, 163.549300
67.575180, 167.923300
66.991240, 172.308100
66.403110, 176.703700
65.810850, 181.110100
65.214490, 185.527400
64.614070, 189.955300
64.009620, 194.394100
63.401180, 198.843800
62.788800, 203.304100
62.172500, 207.775400
61.552320, 212.257300
60.928320, 216.750100
60.300510, 221.253700
59.668950, 225.768200
59.033670, 230.293400
58.394710, 234.829300
57.752120, 239.376100
57.105920, 243.933700
56.456170, 248.502100
55.802900, 253.081300
55.146150, 257.671300
54.485970, 262.272100
53.822390, 266.883700
53.155460, 271.506200
52.485220, 276.139300
51.811700, 280.783400
51.134960, 285.438100
50.455030, 290.103800
49.771960, 294.780100
49.085790, 299.467400
48.396560, 304.165300
47.704310, 308.874100
47.009100, 313.593700
46.310950, 318.324100
45.609920, 323.065400
44.906040, 327.817400
44.199370, 332.580200
43.489940, 337.353700
42.777810, 342.138200
42.063010, 346.933300
41.345580, 351.739400
40.625590, 356.556100
39.903060, 1.383750
39.178040, 6.222150
38.450580, 11.071350
37.720730, 15.931350
36.988530, 20.802150
36.254020, 25.683750
35.517260, 30.576150
34.778280, 35.479350
34.037130, 40.393350
33.293860, 45.318150
32.548520, 50.253750
31.801150, 55.200150
31.051800, 60.157350
30.300520, 65.125350
29.547340, 70.104150
28.792330, 75.093750
28.035520, 80.094150
27.276970, 85.105350
26.516710, 90.127350
25.754810, 95.160150
24.991300, 100.203700
24.226230, 105.258100
23.459650, 110.323300
22.691610, 115.399400
21.922160, 120.486100
21.151340, 125.583800
20.379200, 130.692100
19.605790, 135.811300
18.831170, 140.941300
18.055370, 146.082100
17.278440, 151.233700
16.500440, 156.396100
15.721400, 161.569400
14.941390, 166.753300
14.160450, 171.948100
13.378630, 177.153700
12.595970, 182.370100
11.812530, 187.597300
11.028350, 192.835300
10.243480, 198.084100
9.457981, 203.343700
8.671888, 208.614200
7.885255, 213.895400
7.098130, 219.187300
6.310563, 224.490100
5.522603, 229.803700
4.734299, 235.128200
3.945700, 240.463300
3.156855, 245.809300
2.367813, 251.166200
1.578624, 256.533800
0.789337, 261.912200
0.000000, 267.301300
##END=
