##TITLE= Parameter file, TOPSPIN		Version 3.2
##JCAMPDX= 5.0
##DATATYPE= Parameter Values
##NPOINTS= 1	$$ modification sequence number
##ORIGIN= Bruker BioSpin GmbH
##OWNER= fatema
$$ 2022-12-16 15:05:17.483 -0500  fatema@bh029603
$$ /opt/topspin/data/fatema/DTY-CaCTD-F-EXSY-12162022/11/pdata/1/clevels
$$ process /opt/topspin3.2/prog/au/bin/iexpno
##$LEVELS= (0..255)
-5296443000000 -2942468000000 -1634705000000 -908169300000 -504538500000
-280299200000 -155721800000 -86512080000 -48062280000 -26701270000 -14834030000
-8241130110.6 -4578405616.9 -2543558676 -1413088153.4 -785048974.1 -436138318.9
-242299066.1 -134610592.2 -74783662.4 -41546479.1 -23081377.2 -12822987.4
-7123881.9 -3957712.1 -2198729 -1221516.1 -678620.1 -377011.2 -209450.6
-116361.4 -64645.3 64645.3 77574.4 93089.3 111707 134048.5 160858.1 193029.6
231635.7 277962.9 333555.4 400266.4 480319.7 576383.5 691660.3 829992.3
995990.8 1195189.1 1434226.9 1721072.3 2065286.7 2478344.1 2974012.8 3568815.3
4282578.5 5139094.2 6166913 7400295.6 8880354.7 10656425.6 12787710.7 15345253
18414303.6 0 0 0 0 0 0 0 0 0 0 0 0 0 0 0 0 0 0 0 0 0 0 0 0 0 0 0 0 0 0
0 0 0 0 0 0 0 0 0 0 0 0 0 0 0 0 0 0 0 0 0 0 0 0 0 0 0 0 0 0 0 0 0 0 0 0
0 0 0 0 0 0 0 0 0 0 0 0 0 0 0 0 0 0 0 0 0 0 0 0 0 0 0 0 0 0 0 0 0 0 0 0
0 0 0 0 0 0 0 0 0 0 0 0 0 0 0 0 0 0 0 0 0 0 0 0 0 0 0 0 0 0 0 0 0 0 0 0
0 0 0 0 0 0 0 0 0 0 0 0 0 0 0 0 0 0 0 0 0 0 0 0 0 0 0 0 0 0 0 0 0 0 0 0
0 0 0 0 0 0 0 0 0 0 0 0 0 0 0 0 0 0
##$LEVSIGN= 1
##$MAXLEV= 32
##$METHOD= 0
##$NEGBASE= -64645.3
##$NEGINCR= 1.8
##$POSBASE= 64645.3
##$POSINCR= 1.2
##END=
